3       2       3       2.5
3       2.5     3.15    2.75
3.15    2.75    3.5	3
7       2.5     7       4
3.5	3	8 	3

2.8	2.1     6.5     2.1
6.5     2.1     6.75    2.2
6.75    2.2     7       2.5
6.8     4.5     7.2     4.5
7	3.7	7	8.3
7	8.3	6.8	8.4
6.8	8.4	6.3	8.6
6.3	8.6	3.8	8.6
4.5	8.4	4.5	8.8
3.8	8.6	3.5	8.4
3.5	8.4	1.5	8.4
2.2	8.4	2	8.3
2	8.3	1.9	8.1
1.9	8.1	1.9	5
1.3	5.3	2	5.3
1.9	5	2.5	4.8
2.5	4.8	2.6	4.5
2.6	4.5	2.6	4
2.6	4	2.6	2.5


2.8	2.1	2.7	2.3
2.7	2.3	2.6	2.5

3	2	2.7	1.3
2.7	1.3	2.4	1.2
2.4	1.2	1.9	1.2
1.9	1.2	1.6	1
1.6	1	1.5	0.8
1.5	0.8	1.5	0.3

2.4	1.2	7	1.2
6.5	1	6.5	1.4

7  	3.5	6.8	3.9
6.8	3.9	6.5	4.1
6.5	4.1	1.3	4.1


