0.000000 0.000000 0.000000 0.000000 0.000000 0.000000 0.000000 0.000000 0.000000 
1000.000000 1000.000000 1000.000000 0.472000 0.458000 0.461000 0.512000 1000.000000 1000.000000 
1000.000000 1000.000000 1000.000000 0.472000 0.458000 0.461000 0.512000 1000.000000 1000.000000 
1000.000000 1000.000000 1000.000000 0.472000 0.458000 0.461000 0.512000 1000.000000 1000.000000 
1000.000000 1000.000000 1000.000000 0.472000 0.458000 0.461000 0.512000 1000.000000 1000.000000 
1000.000000 1000.000000 1000.000000 0.472000 0.458000 0.461000 0.512000 1000.000000 1000.000000 
1000.000000 1000.000000 1000.000000 0.472000 0.458000 0.461000 0.512000 1000.000000 1000.000000 
1000.000000 1000.000000 1000.000000 0.472000 0.458000 0.461000 0.512000 1000.000000 1000.000000 
1000.000000 1000.000000 1000.000000 0.472000 0.458000 0.461000 0.512000 1000.000000 1000.000000 
1000.000000 1000.000000 1000.000000 0.469000 0.455000 0.458000 0.508000 1000.000000 1000.000000 
1000.000000 1000.000000 1000.000000 0.469000 0.455000 0.458000 0.508000 1000.000000 1000.000000 
1000.000000 1000.000000 1000.000000 0.469000 0.455000 0.458000 0.508000 1000.000000 1000.000000 
1000.000000 1000.000000 1000.000000 0.469000 0.455000 0.458000 0.508000 1000.000000 1000.000000 
1000.000000 1000.000000 1000.000000 0.469000 0.455000 0.458000 0.508000 1000.000000 1000.000000 
1000.000000 1000.000000 1000.000000 0.469000 0.455000 0.458000 0.508000 1000.000000 1000.000000 
1000.000000 1000.000000 1000.000000 0.469000 0.455000 0.458000 0.508000 1000.000000 1000.000000 
1000.000000 1000.000000 1000.000000 0.469000 0.455000 0.458000 0.508000 1000.000000 1000.000000 
1000.000000 1000.000000 1000.000000 0.469000 0.455000 0.458000 0.508000 1000.000000 1000.000000 
1000.000000 1000.000000 1000.000000 0.469000 0.455000 0.458000 0.508000 1000.000000 1000.000000 
1000.000000 1000.000000 1000.000000 0.469000 0.455000 0.458000 0.508000 1000.000000 1000.000000 
1000.000000 1000.000000 1000.000000 0.469000 0.455000 0.458000 0.508000 1000.000000 1000.000000 
1000.000000 1000.000000 1000.000000 0.469000 0.455000 0.458000 0.508000 1000.000000 1000.000000 
1000.000000 1000.000000 1000.000000 0.469000 0.455000 0.458000 0.508000 1000.000000 1000.000000 
1000.000000 1000.000000 1000.000000 0.469000 0.455000 0.458000 0.508000 1000.000000 1000.000000 
1000.000000 1000.000000 1000.000000 0.469000 0.455000 0.458000 0.508000 1000.000000 1000.000000 
1000.000000 1000.000000 1000.000000 0.469000 0.455000 0.458000 0.508000 1000.000000 1000.000000 
1000.000000 1000.000000 1000.000000 0.469000 0.455000 0.458000 0.508000 1000.000000 1000.000000 
1000.000000 1000.000000 1000.000000 0.469000 0.455000 0.458000 0.508000 1000.000000 1000.000000 
1000.000000 1000.000000 1000.000000 0.469000 0.455000 0.458000 0.508000 1000.000000 1000.000000 
1000.000000 1000.000000 1000.000000 0.469000 0.455000 0.458000 0.508000 1000.000000 1000.000000 
1000.000000 1000.000000 1000.000000 0.469000 0.455000 0.458000 0.508000 1000.000000 1000.000000 
1000.000000 1000.000000 1000.000000 0.469000 0.455000 0.458000 0.508000 1000.000000 1000.000000 
1000.000000 1000.000000 1000.000000 0.469000 0.455000 0.458000 0.508000 1000.000000 1000.000000 
1000.000000 1000.000000 1000.000000 0.469000 0.455000 0.458000 0.508000 1000.000000 1000.000000 
1000.000000 1000.000000 1000.000000 0.469000 0.455000 0.458000 0.508000 1000.000000 1000.000000 
1000.000000 1000.000000 1000.000000 0.469000 0.455000 0.458000 0.508000 1000.000000 1000.000000 
1000.000000 1000.000000 1000.000000 0.469000 0.455000 0.458000 0.508000 1000.000000 1000.000000 
1000.000000 1000.000000 1000.000000 0.469000 0.455000 0.458000 0.508000 1000.000000 1000.000000 
1000.000000 1000.000000 1000.000000 0.469000 0.455000 0.458000 0.508000 1000.000000 1000.000000 
1000.000000 1000.000000 1000.000000 0.469000 0.455000 0.458000 0.508000 1000.000000 1000.000000 
1000.000000 1000.000000 1000.000000 0.469000 0.455000 0.458000 0.508000 1000.000000 1000.000000 
1000.000000 1000.000000 1000.000000 0.469000 0.455000 0.458000 0.508000 1000.000000 1000.000000 
1000.000000 1000.000000 1000.000000 0.469000 0.455000 0.458000 0.508000 1000.000000 1000.000000 
1000.000000 1000.000000 1000.000000 0.469000 0.455000 0.458000 0.508000 1000.000000 1000.000000 
1000.000000 1000.000000 1000.000000 0.469000 0.455000 0.458000 0.508000 1000.000000 1000.000000 
1000.000000 1000.000000 1000.000000 0.469000 0.455000 0.458000 0.508000 1000.000000 1000.000000 
1000.000000 1000.000000 1000.000000 0.469000 0.455000 0.458000 0.508000 1000.000000 1000.000000 
1000.000000 1000.000000 1000.000000 0.469000 0.455000 0.458000 0.508000 1000.000000 1000.000000 
1000.000000 1000.000000 1000.000000 0.469000 0.455000 0.458000 0.508000 1000.000000 1000.000000 
1000.000000 1000.000000 1000.000000 0.469000 0.455000 0.458000 0.508000 1000.000000 1000.000000 
1000.000000 1000.000000 1000.000000 0.469000 0.455000 0.458000 0.508000 1000.000000 1000.000000 
1000.000000 1000.000000 1000.000000 0.469000 0.455000 0.458000 0.508000 1000.000000 1000.000000 
1000.000000 1000.000000 1000.000000 0.469000 0.455000 0.458000 0.508000 1000.000000 1000.000000 
1000.000000 1000.000000 1000.000000 0.469000 0.455000 0.458000 0.508000 1000.000000 1000.000000 
1000.000000 1000.000000 1000.000000 0.469000 0.455000 0.458000 0.508000 1000.000000 1000.000000 
1000.000000 1000.000000 1000.000000 0.469000 0.455000 0.458000 0.508000 1000.000000 1000.000000 
1000.000000 1000.000000 1000.000000 0.469000 0.455000 0.458000 0.508000 1000.000000 1000.000000 
1000.000000 1000.000000 1000.000000 0.469000 0.455000 0.458000 0.508000 1000.000000 1000.000000 
1000.000000 1000.000000 1000.000000 0.469000 0.455000 0.458000 0.508000 1000.000000 1000.000000 
1000.000000 1000.000000 1000.000000 0.469000 0.455000 0.458000 0.508000 1000.000000 1000.000000 
1000.000000 1000.000000 1000.000000 0.469000 0.455000 0.458000 0.508000 1000.000000 1000.000000 
1000.000000 1000.000000 1000.000000 0.469000 0.455000 0.458000 0.508000 1000.000000 1000.000000 
1000.000000 1000.000000 1000.000000 0.469000 0.455000 0.458000 0.508000 1000.000000 1000.000000 
1000.000000 1000.000000 1000.000000 0.469000 0.455000 0.458000 0.508000 1000.000000 1000.000000 
1000.000000 1000.000000 1000.000000 0.469000 0.455000 0.458000 0.508000 1000.000000 1000.000000 
1000.000000 1000.000000 1000.000000 0.469000 0.455000 0.458000 0.508000 1000.000000 1000.000000 
1000.000000 1000.000000 1000.000000 0.469000 0.455000 0.458000 0.508000 1000.000000 1000.000000 
1000.000000 1000.000000 1000.000000 0.469000 0.455000 0.458000 0.508000 1000.000000 1000.000000 
1000.000000 1000.000000 1000.000000 0.469000 0.455000 0.458000 0.508000 1000.000000 1000.000000 
1000.000000 1000.000000 1000.000000 0.469000 0.455000 0.458000 0.508000 1000.000000 1000.000000 
1000.000000 1000.000000 1000.000000 0.469000 0.455000 0.458000 0.508000 1000.000000 1000.000000 
1000.000000 1000.000000 1000.000000 0.469000 0.455000 0.458000 0.508000 1000.000000 1000.000000 
1000.000000 1000.000000 1000.000000 0.469000 0.455000 0.458000 0.508000 1000.000000 1000.000000 
1000.000000 1000.000000 1000.000000 0.469000 0.455000 0.458000 0.508000 1000.000000 1000.000000 
1000.000000 1000.000000 1000.000000 0.469000 0.455000 0.458000 0.508000 1000.000000 1000.000000 
1000.000000 1000.000000 1000.000000 0.469000 0.455000 0.458000 0.508000 1000.000000 1000.000000 
1000.000000 1000.000000 1000.000000 0.469000 0.455000 0.458000 0.508000 1000.000000 1000.000000 
1000.000000 1000.000000 1000.000000 0.469000 0.455000 0.458000 0.508000 1000.000000 1000.000000 
1000.000000 1000.000000 1000.000000 0.469000 0.455000 0.458000 0.508000 1000.000000 1000.000000 
1000.000000 1000.000000 1000.000000 0.469000 0.455000 0.458000 0.508000 1000.000000 1000.000000 
1000.000000 1000.000000 1000.000000 0.469000 0.455000 0.458000 0.508000 1000.000000 1000.000000 
1000.000000 1000.000000 1000.000000 0.469000 0.455000 0.458000 0.508000 1000.000000 1000.000000 
1000.000000 1000.000000 1000.000000 0.469000 0.455000 0.458000 0.508000 1000.000000 1000.000000 
1000.000000 1000.000000 1000.000000 0.469000 0.455000 0.458000 0.508000 1000.000000 1000.000000 
1000.000000 1000.000000 1000.000000 0.469000 0.455000 0.458000 0.508000 1000.000000 1000.000000 
1000.000000 1000.000000 1000.000000 0.469000 0.455000 0.458000 0.508000 1000.000000 1000.000000 
1000.000000 1000.000000 1000.000000 0.469000 0.455000 0.458000 0.508000 1000.000000 1000.000000 
1000.000000 1000.000000 1000.000000 0.469000 0.455000 0.458000 0.508000 1000.000000 1000.000000 
1000.000000 1000.000000 1000.000000 0.469000 0.455000 0.458000 0.508000 1000.000000 1000.000000 
1000.000000 1000.000000 1000.000000 0.469000 0.455000 0.458000 0.508000 1000.000000 1000.000000 
1000.000000 1000.000000 1000.000000 0.469000 0.455000 0.458000 0.508000 1000.000000 1000.000000 
1000.000000 1000.000000 1000.000000 0.469000 0.455000 0.458000 0.508000 1000.000000 1000.000000 
1000.000000 1000.000000 1000.000000 0.469000 0.455000 0.458000 0.508000 1000.000000 1000.000000 
1000.000000 1000.000000 1000.000000 0.469000 0.455000 0.458000 0.508000 1000.000000 1000.000000 
1000.000000 1000.000000 1000.000000 0.469000 0.455000 0.458000 0.508000 1000.000000 1000.000000 
1000.000000 1000.000000 1000.000000 0.469000 0.455000 0.458000 0.508000 1000.000000 1000.000000 
1000.000000 1000.000000 1000.000000 0.469000 0.455000 0.458000 0.508000 1000.000000 1000.000000 
1000.000000 1000.000000 1000.000000 0.469000 0.455000 0.458000 0.508000 1000.000000 1000.000000 
1000.000000 1000.000000 1000.000000 0.469000 0.455000 0.458000 0.508000 1000.000000 1000.000000 
1000.000000 1000.000000 1000.000000 0.469000 0.455000 0.458000 0.508000 1000.000000 1000.000000 
1000.000000 1000.000000 1000.000000 0.469000 0.455000 0.458000 0.508000 1000.000000 1000.000000 
1000.000000 1000.000000 1000.000000 0.469000 0.455000 0.458000 0.508000 1000.000000 1000.000000 
1000.000000 1000.000000 1000.000000 0.469000 0.455000 0.458000 0.508000 1000.000000 1000.000000 
1000.000000 1000.000000 1000.000000 0.469000 0.455000 0.458000 0.508000 1000.000000 1000.000000 
1000.000000 1000.000000 1000.000000 0.469000 0.455000 0.458000 0.508000 1000.000000 1000.000000 
