0 0.000000 0.000000 0.000000
2 0.000000 0.000000 0.000000
4 0.000205 0.000000 0.000788
6 0.001998 -0.000003 -0.001970
8 0.003637 -0.000004 -0.001182
10 0.005481 -0.000006 -0.001182
12 0.008196 -0.000011 -0.001576
14 0.011577 -0.000016 -0.001576
16 0.015726 -0.000021 -0.001182
18 0.020643 -0.000024 -0.000394
20 0.025919 -0.000024 -0.000000
22 0.031656 -0.000020 0.000788
24 0.037854 -0.000011 0.001970
26 0.044411 0.000009 0.002758
28 0.051275 0.000040 0.005122
30 0.058241 0.000084 0.006698
32 0.065412 0.000140 0.008275
34 0.072686 0.000209 0.009851
36 0.080164 0.000287 0.010639
38 0.087540 0.000370 0.011427
40 0.095018 0.000458 0.012215
42 0.102393 0.000551 0.013003
44 0.109615 0.000642 0.012609
46 0.116735 0.000734 0.013003
48 0.123649 0.000822 0.012609
50 0.130359 0.000909 0.013003
52 0.136966 0.000998 0.013397
54 0.143420 0.001088 0.014185
56 0.149771 0.001182 0.014973
58 0.156173 0.001279 0.015367
60 0.162473 0.001379 0.015761
62 0.168773 0.001479 0.016155
64 0.175072 0.001583 0.016549
66 0.181270 0.001687 0.016943
68 0.187518 0.001797 0.017731
70 0.193766 0.001911 0.018519
72 0.199963 0.002032 0.019701
74 0.206211 0.002159 0.020489
76 0.212305 0.002285 0.020883
78 0.218400 0.002412 0.021278
80 0.224391 0.002542 0.021672
82 0.230537 0.002683 0.023248
84 0.236682 0.002830 0.024036
86 0.242775 0.002982 0.025218
88 0.248818 0.003136 0.026006
90 0.254911 0.003296 0.026400
92 0.261005 0.003463 0.027582
94 0.266995 0.003631 0.027976
96 0.273140 0.003807 0.028764
98 0.279284 0.003984 0.028764
100 0.285479 0.004164 0.029158
102 0.291624 0.004343 0.029158
104 0.297768 0.004522 0.029158
106 0.304014 0.004708 0.029946
108 0.310210 0.004891 0.029552
110 0.316405 0.005077 0.029946
112 0.322600 0.005261 0.029552
114 0.328642 0.005440 0.029552
116 0.334889 0.005624 0.029552
118 0.341033 0.005805 0.029552
120 0.347177 0.005986 0.029552
122 0.353168 0.006167 0.029946
124 0.359260 0.006352 0.030340
126 0.365302 0.006535 0.030340
128 0.371395 0.006720 0.030734
130 0.377488 0.006906 0.030340
132 0.383580 0.007094 0.030734
134 0.389622 0.007283 0.031522
136 0.395663 0.007472 0.031522
138 0.401704 0.007670 0.033098
140 0.407899 0.007878 0.033492
142 0.413889 0.008081 0.033886
144 0.419929 0.008289 0.034674
146 0.425868 0.008498 0.035463
148 0.431806 0.008711 0.036251
150 0.437744 0.008934 0.037827
152 0.443783 0.009167 0.038615
154 0.449823 0.009405 0.039403
156 0.455658 0.009638 0.040191
158 0.461493 0.009876 0.040979
160 0.467481 0.010124 0.041373
162 0.473417 0.010376 0.042949
164 0.479354 0.010636 0.043737
166 0.485443 0.010909 0.044919
168 0.491430 0.011179 0.045313
170 0.497571 0.011457 0.045313
172 0.503660 0.011736 0.045707
174 0.509595 0.012014 0.047283
176 0.515633 0.012306 0.048859
178 0.521619 0.012601 0.049254
180 0.527553 0.012897 0.050042
182 0.533488 0.013196 0.050042
184 0.539371 0.013493 0.050436
186 0.545203 0.013792 0.051224
188 0.551188 0.014104 0.052406
190 0.557019 0.014414 0.053194
192 0.562850 0.014728 0.053982
194 0.568783 0.015052 0.054770
196 0.574511 0.015373 0.056346
198 0.580341 0.015708 0.057922
200 0.586170 0.016053 0.059498
202 0.591846 0.016400 0.061468
204 0.597622 0.016765 0.063439
206 0.603347 0.017135 0.065015
208 0.609072 0.017515 0.066591
210 0.614847 0.017909 0.068561
212 0.620621 0.018315 0.070531
214 0.626497 0.018735 0.071713
216 0.632320 0.019161 0.073289
218 0.638194 0.019604 0.076047
220 0.643965 0.020055 0.078806
222 0.649888 0.020533 0.081170
224 0.655861 0.021028 0.083140
226 0.661730 0.021525 0.085110
228 0.667701 0.022044 0.087080
230 0.673569 0.022565 0.089050
232 0.679537 0.023108 0.091021
234 0.685505 0.023662 0.092991
236 0.691522 0.024235 0.095355
238 0.697538 0.024821 0.097719
240 0.703553 0.025417 0.099295
242 0.709617 0.026028 0.101265
244 0.715630 0.026646 0.102841
246 0.721540 0.027263 0.104417
248 0.727448 0.027893 0.106782
250 0.733305 0.028529 0.108752
252 0.739211 0.029181 0.110328
254 0.745065 0.029834 0.111510
256 0.750766 0.030482 0.113874
258 0.756465 0.031141 0.115450
260 0.762214 0.031812 0.116632
262 0.767861 0.032478 0.117814
264 0.773455 0.033151 0.120179
266 0.778946 0.033823 0.122543
268 0.784436 0.034507 0.124907
270 0.790077 0.035221 0.126089
272 0.795716 0.035944 0.128059
274 0.801303 0.036674 0.130423
276 0.806787 0.037403 0.132788
278 0.812371 0.038159 0.135152
280 0.818004 0.038932 0.137122
282 0.823686 0.039727 0.139486
284 0.829467 0.040549 0.141850
286 0.835347 0.041403 0.145002
288 0.841124 0.042260 0.148155
290 0.846847 0.043125 0.150913
292 0.852567 0.044008 0.153671
294 0.858285 0.044910 0.157217
296 0.863949 0.045821 0.160369
298 0.869711 0.046767 0.163522
300 0.875320 0.047704 0.166280
302 0.881026 0.048676 0.169038
304 0.886729 0.049662 0.171796
306 0.892581 0.050691 0.174949
308 0.898380 0.051728 0.177707
310 0.904125 0.052774 0.180859
312 0.909867 0.053839 0.184011
314 0.915505 0.054902 0.187163
316 0.921139 0.055980 0.189528
318 0.926772 0.057071 0.191892
320 0.932452 0.058186 0.194650
322 0.938128 0.059316 0.197408
324 0.943752 0.060453 0.199772
326 0.949423 0.061612 0.202531
328 0.954990 0.062767 0.205289
330 0.960605 0.063947 0.207653
332 0.966115 0.065122 0.210805
334 0.971673 0.066324 0.213563
336 0.977327 0.067562 0.216321
338 0.982828 0.068781 0.218686
340 0.988426 0.070035 0.221050
342 0.994022 0.071301 0.223414
344 0.999613 0.072586 0.226566
346 1.005250 0.073901 0.230112
348 1.010933 0.075243 0.232477
350 1.016563 0.076589 0.235235
352 1.022338 0.077989 0.238387
354 1.028009 0.079380 0.241539
356 1.033726 0.080801 0.244297
358 1.039489 0.082249 0.247450
360 1.045296 0.083728 0.250208
362 1.051099 0.085227 0.253754
364 1.056847 0.086733 0.256906
366 1.062739 0.088296 0.260453
368 1.068427 0.089829 0.263999
370 1.074009 0.091358 0.268333
372 1.079734 0.092950 0.272273
374 1.085454 0.094559 0.274638
376 1.091119 0.096173 0.278184
378 1.096681 0.097777 0.281730
380 1.102287 0.099412 0.284882
382 1.107789 0.101038 0.288035
384 1.113286 0.102680 0.291187
386 1.118728 0.104326 0.294733
388 1.124164 0.105992 0.298279
390 1.129743 0.107718 0.300644
392 1.135170 0.109413 0.303402
394 1.140642 0.111136 0.305766
396 1.146110 0.112874 0.308130
398 1.151574 0.114624 0.310494
400 1.157180 0.116432 0.312464
402 1.162829 0.118274 0.315617
404 1.168328 0.120080 0.318375
406 1.173822 0.121903 0.321133
408 1.179507 0.123801 0.323103
410 1.184992 0.125650 0.325861
412 1.190424 0.127495 0.328226
414 1.195948 0.129388 0.330590
416 1.201274 0.131229 0.333742
418 1.206836 0.133167 0.335712
420 1.212396 0.135115 0.337682
422 1.217901 0.137061 0.340046
424 1.223451 0.139037 0.342805
426 1.229092 0.141060 0.344775
428 1.234680 0.143082 0.347927
430 1.240311 0.145134 0.349897
432 1.245983 0.147220 0.353049
434 1.251603 0.149304 0.355807
436 1.257168 0.151387 0.358960
438 1.262870 0.153540 0.361718
440 1.268279 0.155603 0.365264
442 1.273535 0.157632 0.369204
444 1.279023 0.159772 0.371963
446 1.284315 0.161853 0.375509
448 1.289553 0.163930 0.377873
450 1.294880 0.166058 0.381025
452 1.300010 0.168129 0.384966
454 1.305418 0.170333 0.387330
456 1.310771 0.172534 0.390876
458 1.316166 0.174768 0.393240
460 1.321508 0.176998 0.395998
462 1.326844 0.179240 0.398757
464 1.332269 0.181536 0.400727
466 1.337784 0.183883 0.402697
468 1.343293 0.186243 0.405455
470 1.348795 0.188618 0.408213
472 1.354341 0.191023 0.409789
474 1.359880 0.193441 0.412154
476 1.365509 0.195910 0.413730
478 1.371041 0.198346 0.415306
480 1.376570 0.200788 0.416094
482 1.382142 0.203261 0.418064
484 1.387615 0.205702 0.420034
486 1.393085 0.208151 0.421216
488 1.398457 0.210568 0.423186
490 1.403918 0.213037 0.425156
492 1.409328 0.215494 0.426733
494 1.414780 0.217983 0.428703
496 1.420228 0.220480 0.429885
498 1.425627 0.222963 0.431461
500 1.431020 0.225456 0.433825
502 1.436502 0.228003 0.435401
504 1.441978 0.230562 0.437765
506 1.447495 0.233153 0.439735
508 1.453009 0.235752 0.440918
510 1.458472 0.238338 0.442494
512 1.463932 0.240933 0.444070
514 1.469247 0.243471 0.446040
516 1.474465 0.245976 0.448010
518 1.479865 0.248578 0.449192
520 1.485120 0.251124 0.451556
522 1.490463 0.253723 0.453132
524 1.495665 0.256261 0.454315
526 1.500817 0.258785 0.455891
528 1.506056 0.261364 0.458255
530 1.511152 0.263886 0.460225
532 1.516658 0.266620 0.461013
534 1.521884 0.269225 0.462589
536 1.527199 0.271880 0.464165
538 1.532603 0.274590 0.464953
540 1.537910 0.277261 0.466529
542 1.543306 0.279984 0.467317
544 1.548608 0.282667 0.468894
546 1.553859 0.285337 0.470864
548 1.559291 0.288103 0.471258
550 1.564491 0.290760 0.472834
552 1.569731 0.293451 0.474804
554 1.574831 0.296079 0.476380
556 1.579926 0.298716 0.477956
558 1.585109 0.301407 0.479532
560 1.590195 0.304060 0.481108
562 1.595141 0.306650 0.483079
564 1.600263 0.309347 0.485049
566 1.605334 0.312031 0.487413
568 1.610488 0.314776 0.489777
570 1.615499 0.317462 0.492535
572 1.620458 0.320137 0.495687
574 1.625456 0.322849 0.497658
576 1.630536 0.325622 0.500416
578 1.635564 0.328385 0.502780
580 1.640587 0.331157 0.505144
582 1.645603 0.333943 0.507508
584 1.650656 0.336766 0.510267
586 1.655746 0.339627 0.512631
588 1.660875 0.342525 0.515389
590 1.665996 0.345435 0.517359
592 1.671155 0.348384 0.519723
594 1.676261 0.351321 0.522481
596 1.681314 0.354248 0.525634
598 1.686449 0.357239 0.527998
600 1.691487 0.360191 0.530362
602 1.696565 0.363177 0.532332
604 1.701636 0.366174 0.534302
606 1.706745 0.369209 0.536666
608 1.711892 0.372279 0.538637
610 1.716899 0.375284 0.541001
612 1.722078 0.378399 0.541789
614 1.727164 0.381473 0.544153
616 1.732419 0.384661 0.545729
618 1.737582 0.387804 0.547305
620 1.742610 0.390874 0.548487
622 1.747809 0.394056 0.549669
624 1.752960 0.397219 0.551245
626 1.758107 0.400387 0.552034
628 1.763163 0.403509 0.553610
630 1.768038 0.406534 0.555974
632 1.773125 0.409702 0.557156
634 1.778033 0.412770 0.559126
636 1.783111 0.415953 0.560308
638 1.788228 0.419172 0.561884
640 1.793167 0.422286 0.562672
642 1.798405 0.425599 0.564642
644 1.803421 0.428785 0.566219
646 1.808518 0.432033 0.567795
648 1.813524 0.435236 0.569371
650 1.818439 0.438389 0.570947
652 1.823521 0.441661 0.572523
654 1.828557 0.444910 0.573705
656 1.833631 0.448194 0.574493
658 1.838616 0.451428 0.576069
660 1.843551 0.454645 0.578039
662 1.848522 0.457900 0.580404
664 1.853489 0.461161 0.581192
666 1.858451 0.464430 0.582768
668 1.863451 0.467734 0.584738
670 1.868231 0.470906 0.586314
672 1.873046 0.474119 0.589072
674 1.877853 0.477343 0.591042
676 1.882698 0.480603 0.592618
678 1.887453 0.483812 0.594195
680 1.892201 0.487033 0.596559
682 1.896985 0.490291 0.598529
684 1.901762 0.493560 0.600499
686 1.906535 0.496834 0.601681
688 1.911386 0.500176 0.603651
690 1.916149 0.503466 0.604833
692 1.921034 0.506849 0.605621
694 1.925915 0.510237 0.607197
696 1.930791 0.513633 0.608774
698 1.935704 0.517065 0.609956
700 1.940655 0.520532 0.611532
702 1.945602 0.524005 0.612320
704 1.950502 0.527457 0.614290
706 1.955396 0.530916 0.615472
708 1.960411 0.534471 0.617048
710 1.965336 0.537974 0.618624
712 1.970258 0.541482 0.619412
714 1.975092 0.544938 0.620988
716 1.979964 0.548429 0.622171
718 1.984786 0.551900 0.624535
720 1.989560 0.555352 0.626505
722 1.994452 0.558902 0.628081
724 1.999255 0.562400 0.629657
726 2.004094 0.565936 0.631627
728 2.008885 0.569450 0.633203
730 2.013671 0.572971 0.634779
732 2.018534 0.576562 0.636356
734 2.023431 0.580192 0.638326
736 2.028323 0.583829 0.639508
738 2.033129 0.587409 0.640690
740 2.038052 0.591089 0.642266
742 2.042890 0.594713 0.643054
744 2.047722 0.598344 0.644630
746 2.052551 0.601979 0.645418
748 2.057418 0.605649 0.646600
750 2.062322 0.609356 0.647388
752 2.067223 0.613066 0.648176
754 2.072121 0.616780 0.648964
756 2.076934 0.620435 0.649753
758 2.081826 0.624158 0.650541
760 2.086715 0.627884 0.651329
762 2.091603 0.631610 0.651329
764 2.096449 0.635307 0.651723
766 2.101333 0.639040 0.652511
768 2.106257 0.642804 0.652905
770 2.111138 0.646541 0.653693
772 2.115976 0.650249 0.654087
774 2.120732 0.653896 0.654481
776 2.125486 0.657545 0.654875
778 2.130317 0.661263 0.656057
780 2.135022 0.664891 0.656845
782 2.139807 0.668585 0.657633
784 2.144549 0.672249 0.658027
786 2.149411 0.676010 0.658815
788 2.154270 0.679775 0.659603
790 2.159127 0.683542 0.659603
792 2.163819 0.687189 0.661179
794 2.168628 0.690933 0.661573
796 2.173434 0.694683 0.662755
798 2.178200 0.698401 0.662755
800 2.182882 0.702060 0.663544
802 2.187599 0.705757 0.664726
804 2.192312 0.709458 0.665908
806 2.197143 0.713260 0.666696
808 2.201766 0.716910 0.668666
810 2.206470 0.720624 0.668272
812 2.211126 0.724315 0.670636
814 2.215738 0.727981 0.671818
816 2.220466 0.731745 0.672606
818 2.225070 0.735420 0.673788
820 2.229587 0.739040 0.675758
822 2.234180 0.742729 0.676940
824 2.238768 0.746423 0.678123
826 2.243393 0.750154 0.678911
828 2.247977 0.753854 0.679305
830 2.252597 0.757589 0.680093
832 2.257214 0.761330 0.680881
834 2.261908 0.765138 0.681669
836 2.266599 0.768949 0.682457
838 2.271329 0.772795 0.682851
840 2.276016 0.776612 0.683639
842 2.280741 0.780463 0.684033
844 2.285342 0.784223 0.685609
846 2.289818 0.787892 0.686791
848 2.294528 0.791762 0.687973
850 2.298997 0.795441 0.689155
852 2.303660 0.799286 0.689943
854 2.308239 0.803074 0.691520
856 2.312773 0.806834 0.692702
858 2.317341 0.810634 0.694278
860 2.321985 0.814503 0.695066
862 2.326585 0.818345 0.696248
864 2.331219 0.822225 0.697036
866 2.335848 0.826112 0.698612
868 2.340551 0.830071 0.700188
870 2.345209 0.834002 0.701370
872 2.349744 0.837842 0.702946
874 2.354352 0.841754 0.703734
876 2.358915 0.845639 0.705705
878 2.363476 0.849527 0.706099
880 2.368030 0.853423 0.708069
882 2.372503 0.857256 0.708463
884 2.377047 0.861163 0.710433
886 2.381550 0.865040 0.711221
888 2.386124 0.868992 0.712797
890 2.390658 0.872911 0.713191
892 2.395306 0.876933 0.713191
894 2.399836 0.880857 0.714373
896 2.404439 0.884854 0.714767
898 2.408998 0.888822 0.716343
900 2.413594 0.892826 0.716737
902 2.418188 0.896832 0.717131
904 2.422820 0.900874 0.717919
906 2.427370 0.904853 0.718707
908 2.431957 0.908867 0.719101
910 2.436424 0.912785 0.719890
912 2.440890 0.916705 0.720678
914 2.445351 0.920629 0.721466
916 2.449810 0.924557 0.722254
918 2.454303 0.928523 0.723436
920 2.458870 0.932560 0.723830
922 2.463395 0.936568 0.725406
924 2.467917 0.940578 0.725406
926 2.472474 0.944627 0.726588
928 2.477026 0.948681 0.727770
930 2.481614 0.952772 0.728558
932 2.486082 0.956766 0.729740
934 2.490625 0.960830 0.730134
936 2.495164 0.964899 0.731316
938 2.499700 0.968971 0.731710
940 2.504158 0.972977 0.732104
942 2.508688 0.977055 0.733287
944 2.513136 0.981072 0.734469
946 2.517658 0.985159 0.734863
948 2.522137 0.989218 0.736439
950 2.526533 0.993215 0.738015
952 2.531000 0.997287 0.739591
954 2.535390 1.001292 0.739591
956 2.539889 1.005405 0.740773
958 2.544310 1.009451 0.741167
960 2.548689 1.013468 0.742743
962 2.553024 1.017456 0.743925
964 2.557506 1.021588 0.745107
966 2.561870 1.025620 0.745895
968 2.566346 1.029758 0.746289
970 2.570706 1.033795 0.747077
972 2.575102 1.037868 0.747472
974 2.579604 1.042053 0.749048
976 2.583992 1.046136 0.749442
978 2.588488 1.050327 0.750230
980 2.592796 1.054345 0.750624
982 2.597175 1.058437 0.751806
984 2.601513 1.062498 0.752594
986 2.605884 1.066598 0.753776
988 2.610250 1.070703 0.754958
990 2.614614 1.074811 0.755352
992 2.618974 1.078923 0.756534
994 2.623330 1.083039 0.756928
996 2.627645 1.087124 0.758504
998 2.631952 1.091217 0.760080
1000 2.636332 1.095384 0.760868
1002 2.640668 1.099520 0.762051
1004 2.645112 1.103767 0.762839
1006 2.649512 1.107986 0.764809
1008 2.653871 1.112173 0.765597
1010 2.658261 1.116402 0.766779
1012 2.662683 1.120672 0.768355
1014 2.667027 1.124875 0.769143
1016 2.671403 1.129118 0.770325
1018 2.675774 1.133367 0.771507
1020 2.680066 1.137549 0.772689
1022 2.684355 1.141736 0.773871
1024 2.688713 1.145997 0.774265
1026 2.693068 1.150263 0.775448
1028 2.697420 1.154531 0.775842
1030 2.701731 1.158767 0.776630
1032 2.706078 1.163041 0.777024
1034 2.710457 1.167354 0.777812
1036 2.714833 1.171671 0.778600
1038 2.719243 1.176026 0.778994
1040 2.723615 1.180347 0.779782
1042 2.727873 1.184564 0.780964
1044 2.732201 1.188857 0.781358
1046 2.736418 1.193043 0.782146
1048 2.740668 1.197269 0.782540
1050 2.744807 1.201388 0.783328
1052 2.749052 1.205619 0.783722
1054 2.753186 1.209743 0.784510
1056 2.757348 1.213912 0.786480
1058 2.761615 1.218193 0.787268
1060 2.765734 1.222332 0.788056
1062 2.769959 1.226583 0.788450
1064 2.774179 1.230838 0.789633
1066 2.778323 1.235025 0.790815
1068 2.782606 1.239362 0.791997
1070 2.786885 1.243704 0.793179
1072 2.791123 1.248013 0.793967
1074 2.795392 1.252365 0.795149
1076 2.799693 1.256756 0.795937
1078 2.803992 1.261149 0.796725
1080 2.808286 1.265547 0.797513
1082 2.812503 1.269878 0.799089
1084 2.816750 1.274250 0.800271
1086 2.820958 1.278590 0.801059
1088 2.825161 1.282934 0.801847
1090 2.829430 1.287356 0.803424
1092 2.833624 1.291709 0.804212
1094 2.837815 1.296064 0.805000
1096 2.842035 1.300462 0.806182
1098 2.846254 1.304862 0.806576
1100 2.850542 1.309337 0.806970
1102 2.854791 1.313780 0.807758
1104 2.859072 1.318261 0.808152
1106 2.863279 1.322672 0.809334
1108 2.867555 1.327160 0.809728
1110 2.871826 1.331651 0.810910
1112 2.875990 1.336033 0.810910
1114 2.880119 1.340376 0.810516
1116 2.884211 1.344685 0.811304
1118 2.888369 1.349071 0.812092
1120 2.892456 1.353385 0.812880
1122 2.896571 1.357742 0.814062
1124 2.900649 1.362064 0.814850
1126 2.904792 1.366465 0.815638
1128 2.908970 1.370904 0.816032
1130 2.913145 1.375345 0.816426
1132 2.917318 1.379788 0.816820
1134 2.921453 1.384197 0.817609
1136 2.925618 1.388647 0.818791
1138 2.929782 1.393099 0.819185
1140 2.933976 1.397593 0.819973
1142 2.938166 1.402090 0.820761
1144 2.942318 1.406553 0.821943
1146 2.946467 1.411019 0.822337
1148 2.950611 1.415490 0.823519
1150 2.954752 1.419963 0.823913
1152 2.958854 1.424401 0.824701
1154 2.962919 1.428806 0.825883
1156 2.966981 1.433212 0.826277
1158 2.971074 1.437660 0.827065
1160 2.975201 1.442146 0.827459
1162 2.979393 1.446711 0.827853
1164 2.983512 1.451205 0.829035
1166 2.987662 1.455739 0.829823
1168 2.991845 1.460313 0.830217
1170 2.996024 1.464890 0.830611
1172 3.000236 1.469507 0.831400
1174 3.004377 1.474049 0.831400
1176 3.008447 1.478519 0.832188
1178 3.012513 1.482990 0.832976
1180 3.016580 1.487462 0.832976
1182 3.020647 1.491934 0.832976
1184 3.024644 1.496330 0.832976
1186 3.028675 1.500766 0.833370
1188 3.032667 1.505166 0.834158
1190 3.036623 1.509531 0.834552
1192 3.040646 1.513973 0.834946
1194 3.044701 1.518456 0.835734
1196 3.048823 1.523015 0.835734
1198 3.052875 1.527501 0.835734
1200 3.056959 1.532026 0.836916
1202 3.061039 1.536554 0.837310
1204 3.065119 1.541083 0.837704
1206 3.069232 1.545651 0.837704
1208 3.073412 1.550297 0.838492
1210 3.077555 1.554907 0.838886
1212 3.081731 1.559556 0.838886
1214 3.085837 1.564130 0.839674
1216 3.089936 1.568711 0.841250
1218 3.094031 1.573295 0.842038
1220 3.098089 1.577844 0.842432
1222 3.102109 1.582357 0.843220
1224 3.106094 1.586834 0.843614
1226 3.110043 1.591274 0.844402
1228 3.114090 1.595832 0.844796
1230 3.118100 1.600355 0.845585
1232 3.122106 1.604881 0.846373
1234 3.126147 1.609444 0.845979
1236 3.130188 1.614008 0.846373
1238 3.134262 1.618612 0.846373
1240 3.138300 1.623177 0.846767
1242 3.142371 1.627783 0.846767
1244 3.146407 1.632351 0.847161
1246 3.150377 1.636841 0.846767
1248 3.154346 1.641331 0.847161
1250 3.158383 1.645899 0.846767
1252 3.162419 1.650467 0.847161
1254 3.166385 1.654959 0.847555
1256 3.170385 1.659492 0.847555
1258 3.174350 1.663985 0.847949
1260 3.178416 1.668595 0.847949
1262 3.182483 1.673205 0.847949
1264 3.186552 1.677812 0.847161
1266 3.190622 1.682418 0.847161
1268 3.194724 1.687065 0.847555
1270 3.198824 1.691713 0.847949
1272 3.202890 1.696322 0.847949
1274 3.207022 1.701011 0.848737
1276 3.211015 1.705549 0.849525
1278 3.215175 1.710280 0.849919
1280 3.219264 1.714938 0.850313
1282 3.223449 1.719716 0.851889
1284 3.227530 1.724381 0.852283
1286 3.231539 1.728973 0.853465
1288 3.235714 1.733760 0.853465
1290 3.239819 1.738472 0.854253
1292 3.243920 1.743187 0.855041
1294 3.247919 1.747787 0.855435
1296 3.251916 1.752390 0.855829
1298 3.255978 1.757071 0.856223
1300 3.260105 1.761832 0.856617
1302 3.264230 1.766595 0.857011
1304 3.268220 1.771203 0.857405
1306 3.272277 1.775889 0.857011
1308 3.276334 1.780575 0.857405
1310 3.280456 1.785340 0.857799
1312 3.284578 1.790105 0.857405
1314 3.288565 1.794715 0.857799
1316 3.292385 1.799133 0.857799
1318 3.296107 1.803430 0.856617
1320 3.299827 1.807730 0.857799
1322 3.303448 1.811913 0.857011
1324 3.306966 1.815981 0.858193
1326 3.310414 1.819975 0.858587
1328 3.313722 1.823818 0.860558
1330 3.316960 1.827587 0.861740
1332 3.320127 1.831282 0.862134
1334 3.323258 1.834940 0.862922
1336 3.326084 1.838252 0.864892
1338 3.328870 1.841531 0.867256
1340 3.331545 1.844703 0.871590
1342 3.334276 1.847961 0.874349
1344 3.336794 1.850997 0.879471
1346 3.339333 1.854083 0.883411
1348 3.341725 1.857023 0.888928
1350 3.344204 1.860090 0.891686
1352 3.347231 1.863835 0.890110
1354 3.350973 1.868451 0.890110
1356 3.354692 1.873150 0.906265
1358 3.357955 1.877426 0.923208
1360 3.362636 1.883648 0.924784
1362 3.367719 1.890336 0.920844
1364 3.371939 1.895943 0.926754
1366 3.377138 1.902801 0.921238
1368 3.381790 1.908980 0.927936
1370 3.386108 1.914706 0.922420
1372 3.391350 1.921659 0.927148
1374 3.394416 1.925763 0.931089
1376 3.397498 1.930045 0.952760
1378 3.400989 1.934979 0.954336
1380 3.403826 1.939058 0.968127
1382 3.406858 1.943563 0.979160
1384 3.410127 1.948401 0.978372
1386 3.413672 1.953856 0.997679
1388 3.416910 1.958838 0.994527
1390 3.419868 1.963513 1.010288
1392 3.423135 1.968659 1.003590
1394 3.426604 1.974222 1.017775
1396 3.429300 1.978578 1.014623
1398 3.433203 1.984898 1.021321
1400 3.436001 1.989551 1.029202
1402 3.439450 1.995187 1.021715
1404 3.442669 2.000603 1.037870
1406 3.445816 2.005883 1.031566
1408 3.448776 2.010857 1.035900
1410 3.451455 2.015343 1.030384
1412 3.455103 2.021458 1.035506
1414 3.457553 2.025603 1.035506
1416 3.461465 2.032216 1.037870
1418 3.463960 2.036512 1.045357
1420 3.467135 2.041895 1.036688
1422 3.470763 2.048140 1.048903
1424 3.473539 2.052985 1.050085
1426 3.476559 2.058162 1.040234
1428 3.479567 2.063404 1.053631
1430 3.482892 2.069174 1.043387
1432 3.485633 2.073861 1.044175
1434 3.489215 2.080132 1.052449
1436 3.491839 2.084651 1.042993
1438 3.494915 2.090032 1.052843
1440 3.498364 2.095966 1.041811
1442 3.500840 2.100215 1.041811
1444 3.504006 2.105603 1.041023
1446 3.507001 2.110794 1.047721
1448 3.510114 2.116094 1.038264
1450 3.513164 2.121372 1.049691
1452 3.516275 2.126673 1.037082
1454 3.519411 2.132019 1.042993
1456 3.522264 2.136878 1.037476
1458 3.525803 2.142938 1.044963
1460 3.528550 2.147681 1.044569
1462 3.531919 2.153425 1.041417
1464 3.534580 2.158040 1.046145
1466 3.537976 2.163768 1.035900
1468 3.541271 2.169495 1.052843
1470 3.544444 2.174998 1.044963
1472 3.547119 2.179605 1.046539
1474 3.550624 2.185685 1.045357
1476 3.553316 2.190282 1.042205
1478 3.556662 2.196098 1.049691
1480 3.559603 2.201143 1.039446
1482 3.562330 2.205838 1.048115
1484 3.566196 2.212538 1.043781
1486 3.568719 2.216818 1.038658
1488 3.572232 2.222834 1.041811
1490 3.574846 2.227239 1.034718
1492 3.577639 2.232073 1.050873
1494 3.580017 2.236319 1.061512
1496 3.582428 2.240663 1.067422
1498 3.585333 2.246139 1.085154
1500 3.587924 2.250969 1.076879
1502 3.590535 2.255962 1.092640
1504 3.593205 2.261097 1.088306
1506 3.595444 2.265418 1.096581
1508 3.598451 2.271302 1.096186
1510 3.600717 2.275666 1.093034
1512 3.603727 2.281606 1.104067
1514 3.606217 2.286546 1.102491
1516 3.608566 2.291213 1.105643
1518 3.611876 2.297805 1.105643
1520 3.613702 2.301473 1.109583
1522 3.617161 2.308449 1.111160
1524 3.619650 2.313504 1.114312
1526 3.622184 2.318651 1.112736
1528 3.625258 2.324903 1.115888
1530 3.627337 2.329131 1.111948
1532 3.630535 2.335665 1.118252
1534 3.632750 2.340283 1.122980
1536 3.635901 2.346668 1.112342
1538 3.638454 2.351977 1.123768
1540 3.640988 2.357181 1.116282
1542 3.643569 2.362533 1.123374
1544 3.646187 2.367867 1.109977
1546 3.648722 2.373071 1.122192
1548 3.651764 2.379395 1.119434
1550 3.654112 2.384177 1.115494
1552 3.656782 2.389713 1.121798
1554 3.659378 2.394944 1.106825
1556 3.661983 2.400285 1.120222
1558 3.664888 2.406219 1.111948
1560 3.667373 2.411277 1.117464
1562 3.670416 2.417543 1.116676
1564 3.672427 2.421635 1.115494
1566 3.675963 2.428915 1.117858
1568 3.678110 2.433282 1.113524
1570 3.681013 2.439161 1.111948
1572 3.683428 2.444081 1.114706
1574 3.686082 2.449454 1.111160
1576 3.689194 2.455744 1.113918
1578 3.691247 2.459872 1.106825
1580 3.694380 2.466208 1.114706
1582 3.696943 2.471512 1.119828
1584 3.699846 2.477391 1.112736
1586 3.702566 2.483075 1.126527
1588 3.705258 2.488601 1.114706
1590 3.707858 2.494001 1.124557
1592 3.710773 2.499988 1.115100
1594 3.713162 2.504863 1.116676
1596 3.715649 2.509919 1.111948
1598 3.718723 2.516171 1.115888
1600 3.720872 2.520537 1.110766
1602 3.724331 2.527513 1.112342
1604 3.726697 2.532399 1.120222
1606 3.729576 2.538233 1.111160
1608 3.732258 2.543764 1.122980
1610 3.734813 2.548958 1.109189
1612 3.737867 2.555162 1.118252
1614 3.739228 2.557974 1.118646
1616 3.740123 2.559818 1.119434
1618 3.741214 2.562078 1.121404
1620 3.742479 2.564710 1.123374
1622 3.744113 2.568130 1.124951
1624 3.745901 2.571874 1.125345
1626 3.747822 2.575895 1.124951
1628 3.749831 2.580101 1.125345
1630 3.751995 2.584631 1.125345
1632 3.754314 2.589484 1.124951
1634 3.756831 2.594753 1.124951
1636 3.759367 2.600070 1.126133
1638 3.762007 2.605621 1.126921
1640 3.764639 2.611176 1.128497
1642 3.767329 2.616873 1.130467
1644 3.770121 2.622806 1.131255
1646 3.772926 2.628789 1.132437
1648 3.775763 2.634869 1.134407
1650 3.778591 2.640955 1.136377
1652 3.781453 2.647138 1.137559
1654 3.784327 2.653371 1.139136
1656 3.787238 2.659700 1.139924
1658 3.790120 2.665986 1.141106
1660 3.793038 2.672368 1.142288
1662 3.795887 2.678613 1.143076
1664 3.798710 2.684813 1.143470
1666 3.801509 2.690968 1.144258
1668 3.804306 2.697124 1.144258
1670 3.807014 2.703095 1.145046
1672 3.809722 2.709067 1.145046
1674 3.812387 2.714945 1.145046
1676 3.815030 2.720777 1.145440
1678 3.817713 2.726703 1.145834
1680 3.820312 2.732443 1.145440
1682 3.822929 2.738230 1.146228
1684 3.825523 2.743972 1.146622
1686 3.828050 2.749575 1.147410
1688 3.830614 2.755274 1.148198
1690 3.833132 2.760882 1.148986
1692 3.835668 2.766537 1.149380
1694 3.838159 2.772101 1.149774
1696 3.840626 2.777619 1.150562
1698 3.843131 2.783232 1.151350
1700 3.845632 2.788847 1.152139
1702 3.848105 2.794419 1.153321
1704 3.850615 2.800085 1.153715
1706 3.853121 2.805755 1.154897
1708 3.855620 2.811426 1.156079
1710 3.858093 2.817054 1.156867
1712 3.860518 2.822590 1.158443
1714 3.862937 2.828129 1.159231
1716 3.865352 2.833671 1.160019
1718 3.867741 2.839167 1.161201
1720 3.870146 2.844712 1.161989
1722 3.872524 2.850214 1.163171
1724 3.874920 2.855763 1.163171
1726 3.877334 2.861360 1.163565
1728 3.879743 2.866959 1.164747
1730 3.882172 2.872606 1.164747
1732 3.884600 2.878253 1.164747
1734 3.887047 2.883948 1.165141
1736 3.889516 2.889688 1.164353
1738 3.891984 2.895430 1.165141
1740 3.894410 2.901077 1.165141
1742 3.896792 2.906633 1.165929
1744 3.899213 2.912283 1.165929
1746 3.901634 2.917933 1.165929
1748 3.903993 2.923442 1.166324
1750 3.906391 2.929046 1.166718
1752 3.908723 2.934512 1.167506
1754 3.911074 2.940024 1.167900
1756 3.913463 2.945632 1.168294
1758 3.915849 2.951241 1.168688
1760 3.918190 2.956759 1.169870
1762 3.920527 2.962277 1.170264
1764 3.922859 2.967798 1.171446
1766 3.925206 2.973368 1.172234
1768 3.927548 2.978940 1.173022
1770 3.929847 2.984420 1.173810
1772 3.932181 2.989995 1.174598
1774 3.934506 2.995574 1.176174
1776 3.936827 3.001156 1.176962
1778 3.939103 3.006645 1.177750
1780 3.941411 3.012231 1.179326
1782 3.943675 3.017725 1.180115
1784 3.945992 3.023363 1.181297
1786 3.948284 3.028956 1.182085
1788 3.950589 3.034598 1.183267
1790 3.952787 3.040009 1.185631
1792 3.954933 3.045329 1.187995
1794 3.957226 3.051032 1.187995
1796 3.959400 3.056452 1.189571
1798 3.961611 3.061967 1.189571
1800 3.963798 3.067437 1.190753
1802 3.965981 3.072908 1.191147
1804 3.968180 3.078428 1.191935
1806 3.970414 3.084045 1.191935
1808 3.972608 3.089567 1.192723
1810 3.974839 3.095184 1.192723
1812 3.977088 3.100850 1.193117
1814 3.979392 3.106659 1.193117
1816 3.981655 3.112374 1.193905
1818 3.983913 3.118091 1.194694
1820 3.986114 3.123666 1.195088
1822 3.988328 3.129290 1.195876
1824 3.990543 3.134914 1.195876
1826 3.992772 3.140587 1.196270
1828 3.994995 3.146263 1.197452
1830 3.997180 3.151844 1.197846
1832 3.999380 3.157474 1.198634
1834 4.001576 3.163105 1.199422
1836 4.003840 3.168930 1.200210
1838 4.006043 3.174613 1.201392
1840 4.008279 3.180394 1.201786
1842 4.010526 3.186225 1.203362
1844 4.012750 3.192011 1.203756
1846 4.014949 3.197751 1.205332
1848 4.017106 3.203397 1.206120
1850 4.019311 3.209190 1.207302
1852 4.021473 3.214889 1.208485
1854 4.023589 3.220496 1.210455
1856 4.025717 3.226154 1.211243
1858 4.027784 3.231670 1.212425
1860 4.029902 3.237331 1.213213
1862 4.032014 3.242994 1.214001
1864 4.034122 3.248659 1.214789
1866 4.036245 3.254373 1.215183
1868 4.038366 3.260088 1.215577
1870 4.040484 3.265804 1.215971
1872 4.042580 3.271473 1.216759
1874 4.044731 3.277286 1.216365
1876 4.046808 3.282908 1.216759
1878 4.048940 3.288673 1.216759
1880 4.051051 3.294392 1.217153
1882 4.053124 3.300015 1.217547
1884 4.055250 3.305782 1.217547
1886 4.057321 3.311406 1.217941
1888 4.059388 3.317031 1.219123
1890 4.061432 3.322611 1.219911
1892 4.063510 3.328287 1.219911
1894 4.065550 3.333868 1.220699
1896 4.067565 3.339403 1.221882
1898 4.069646 3.345132 1.222276
1900 4.071653 3.350671 1.223458
1902 4.073649 3.356213 1.225428
1904 4.075619 3.361710 1.227004
1906 4.077620 3.367305 1.227792
1908 4.079596 3.372854 1.228974
1910 4.081581 3.378455 1.230550
1912 4.083487 3.383866 1.232914
1914 4.085400 3.389329 1.234096
1916 4.087323 3.394843 1.235672
1918 4.089256 3.400407 1.236855
1920 4.091182 3.405974 1.238037
1922 4.093082 3.411496 1.239613
1924 4.095008 3.417117 1.241189
1926 4.096891 3.422645 1.242765
1928 4.098802 3.428271 1.243553
1930 4.100710 3.433898 1.244341
1932 4.102631 3.439575 1.244735
1934 4.104545 3.445255 1.245917
1936 4.106456 3.450935 1.246311
1938 4.108362 3.456617 1.247493
1940 4.110296 3.462398 1.247887
1942 4.112229 3.468179 1.248281
1944 4.114159 3.473961 1.248675
1946 4.116088 3.479743 1.249069
1948 4.118060 3.485673 1.249858
1950 4.120001 3.491506 1.249858
1952 4.121968 3.497437 1.250646
1954 4.123886 3.503223 1.251040
1956 4.125763 3.508915 1.252222
1958 4.127669 3.514705 1.252616
1960 4.129539 3.520399 1.253798
1962 4.131420 3.526143 1.254586
1964 4.133296 3.531889 1.255374
1966 4.135149 3.537588 1.256556
1968 4.137032 3.543386 1.256950
1970 4.138912 3.549184 1.257344
1972 4.140800 3.555034 1.258920
1974 4.142683 3.560885 1.259708
1976 4.144573 3.566788 1.260890
1978 4.146424 3.572596 1.262860
1980 4.148285 3.578454 1.263648
1982 4.150109 3.584217 1.264437
1984 4.151912 3.589932 1.265619
1986 4.153725 3.595699 1.266407
1988 4.155530 3.601467 1.267983
1990 4.157312 3.607189 1.269165
1992 4.159105 3.612962 1.269953
1994 4.160861 3.618638 1.270741
1996 4.162643 3.624414 1.271529
1998 4.164434 3.630240 1.272711
