0 0.00 0.00 0.00
1 0.00 0.00 0.00
2 0.00 0.00 0.00
3 0.00 0.00 0.00
4 0.00 0.00 0.00
5 0.00 -0.00 -0.00
6 0.00 -0.00 -0.00
7 0.00 -0.00 -0.00
8 0.00 -0.00 -0.00
9 0.00 -0.00 0.00
10 0.00 -0.00 0.00
11 0.00 -0.00 0.00
12 0.00 0.00 0.00
13 0.00 0.00 0.00
14 0.00 0.00 0.00
15 0.00 0.00 0.00
16 0.00 0.00 0.00
17 0.00 0.00 -0.00
18 0.01 -0.00 -0.00
19 0.01 -0.00 -0.00
20 0.01 -0.00 0.00
21 0.01 -0.00 0.00
22 0.01 -0.00 0.00
23 0.01 -0.00 0.00
24 0.01 -0.00 0.00
25 0.01 -0.00 0.00
26 0.01 -0.00 0.00
27 0.01 -0.00 0.00
28 0.02 -0.00 0.00
29 0.02 -0.00 0.00
30 0.02 -0.00 0.00
31 0.02 -0.00 0.00
32 0.02 -0.00 0.00
33 0.02 -0.00 0.00
34 0.02 -0.00 0.00
35 0.03 -0.00 0.00
36 0.03 -0.00 0.00
37 0.03 -0.00 0.00
38 0.03 -0.00 0.00
39 0.03 -0.00 0.00
40 0.03 -0.00 0.00
41 0.04 -0.00 0.00
42 0.04 -0.00 0.00
43 0.04 -0.00 0.00
44 0.04 -0.00 0.00
45 0.04 -0.00 0.00
46 0.05 -0.00 0.00
47 0.05 -0.00 0.00
48 0.05 -0.00 0.00
49 0.05 -0.00 0.00
50 0.05 -0.00 0.00
51 0.06 -0.00 0.00
52 0.06 -0.00 0.00
53 0.06 -0.00 0.00
54 0.06 -0.00 0.00
55 0.06 -0.00 0.00
56 0.07 -0.00 0.00
57 0.07 0.00 0.00
58 0.07 0.00 0.00
59 0.07 0.00 0.00
60 0.07 -0.00 -0.00
61 0.08 -0.00 -0.00
62 0.08 -0.00 -0.00
63 0.08 -0.00 0.00
64 0.08 -0.00 0.00
65 0.08 0.00 0.00
66 0.09 0.00 0.00
67 0.09 0.00 0.00
68 0.09 0.00 0.00
69 0.09 0.00 -0.00
70 0.09 0.00 -0.00
71 0.09 -0.00 -0.00
72 0.10 -0.00 -0.00
73 0.10 -0.00 0.00
74 0.10 -0.00 0.00
75 0.10 0.00 0.00
76 0.10 0.00 0.00
77 0.11 0.00 0.00
78 0.11 0.00 0.00
79 0.11 0.00 -0.00
80 0.11 0.00 -0.00
81 0.11 -0.00 -0.00
82 0.12 -0.00 -0.00
83 0.12 -0.00 0.00
84 0.12 0.00 0.00
85 0.12 0.00 0.00
86 0.12 0.00 0.00
87 0.13 0.00 0.00
88 0.13 0.00 -0.00
89 0.13 0.00 -0.00
90 0.13 -0.00 -0.00
91 0.13 -0.00 -0.00
92 0.13 -0.00 0.00
93 0.14 -0.00 0.00
94 0.14 0.00 0.00
95 0.14 0.00 0.00
96 0.14 0.00 0.00
97 0.14 0.00 0.00
98 0.15 0.00 -0.00
99 0.15 0.00 -0.00
100 0.15 -0.00 -0.00
101 0.15 -0.00 -0.00
102 0.15 -0.00 0.00
103 0.16 -0.00 0.00
104 0.16 0.00 0.00
105 0.16 0.00 0.00
106 0.16 0.00 0.00
107 0.16 0.00 0.00
108 0.17 0.00 0.00
109 0.17 0.00 -0.00
110 0.17 -0.00 -0.00
111 0.17 -0.00 -0.00
112 0.17 -0.00 -0.00
113 0.18 -0.00 -0.00
114 0.18 -0.00 0.00
115 0.18 -0.00 0.00
116 0.18 -0.00 0.00
117 0.18 -0.00 0.00
118 0.18 -0.00 0.00
119 0.19 -0.00 0.00
120 0.19 -0.00 -0.00
121 0.19 -0.00 -0.00
122 0.19 -0.00 -0.00
123 0.19 -0.00 -0.00
124 0.20 -0.00 0.00
125 0.20 -0.00 0.00
126 0.20 -0.00 0.00
127 0.20 -0.00 0.00
128 0.20 -0.00 0.00
129 0.21 -0.00 0.00
130 0.21 -0.00 -0.00
131 0.21 -0.00 -0.00
132 0.21 -0.00 -0.00
133 0.21 -0.00 -0.00
134 0.22 -0.00 0.00
135 0.22 -0.00 0.00
136 0.22 -0.00 0.00
137 0.22 -0.00 0.00
138 0.22 0.00 0.00
139 0.23 0.00 0.00
140 0.23 -0.00 -0.00
141 0.23 -0.00 -0.00
142 0.23 -0.00 -0.00
143 0.23 -0.00 -0.00
144 0.23 -0.00 0.00
145 0.24 -0.00 0.00
146 0.24 -0.00 0.00
147 0.24 -0.00 0.00
148 0.24 -0.00 0.00
149 0.24 -0.00 -0.00
150 0.25 -0.00 -0.00
151 0.25 -0.00 -0.00
152 0.25 -0.00 -0.00
153 0.25 -0.00 0.00
154 0.25 -0.00 0.00
155 0.26 -0.00 0.00
156 0.26 -0.00 0.00
157 0.26 -0.00 0.00
158 0.26 -0.00 0.00
159 0.26 -0.00 -0.00
160 0.27 -0.00 -0.00
161 0.27 -0.00 -0.00
162 0.27 -0.00 -0.00
163 0.27 -0.00 0.00
164 0.27 -0.00 0.00
165 0.27 -0.00 0.00
166 0.28 -0.00 0.00
167 0.28 -0.00 0.00
168 0.28 0.00 0.00
169 0.28 -0.00 -0.00
170 0.28 -0.00 -0.00
171 0.29 -0.00 -0.00
172 0.29 -0.00 -0.00
173 0.29 -0.00 -0.00
174 0.29 -0.00 0.00
175 0.29 -0.00 0.00
176 0.30 -0.00 0.00
177 0.30 -0.00 0.00
178 0.30 -0.00 0.00
179 0.30 -0.00 0.00
180 0.30 -0.00 0.00
181 0.31 -0.00 -0.00
182 0.31 -0.00 -0.00
183 0.31 -0.00 -0.00
184 0.31 -0.00 -0.00
185 0.31 -0.00 0.00
186 0.32 -0.00 0.00
187 0.32 -0.00 0.00
188 0.32 -0.00 0.00
189 0.32 -0.00 0.00
190 0.32 -0.00 0.00
191 0.32 -0.00 -0.00
192 0.33 -0.00 -0.00
193 0.33 -0.00 -0.00
194 0.33 -0.00 -0.00
195 0.33 -0.00 0.00
196 0.33 -0.00 0.00
197 0.34 -0.00 0.00
198 0.34 -0.00 0.00
199 0.34 -0.00 0.00
200 0.34 -0.00 0.00
201 0.34 -0.00 -0.00
202 0.35 -0.00 -0.00
203 0.35 -0.00 -0.00
204 0.35 -0.00 0.00
205 0.35 -0.00 0.00
206 0.35 -0.00 0.00
207 0.36 -0.00 0.00
208 0.36 -0.00 0.00
209 0.36 -0.00 -0.00
210 0.36 -0.00 -0.00
211 0.36 -0.00 -0.00
212 0.37 -0.00 -0.00
213 0.37 -0.00 0.00
214 0.37 -0.00 0.00
215 0.37 -0.00 0.00
216 0.37 -0.00 0.00
217 0.37 -0.00 0.00
218 0.38 -0.00 0.00
219 0.38 -0.00 -0.00
220 0.38 -0.00 -0.00
221 0.38 -0.00 -0.00
222 0.38 -0.00 -0.00
223 0.39 -0.00 0.00
224 0.39 -0.00 0.00
225 0.39 -0.00 0.00
226 0.39 -0.00 0.00
227 0.39 -0.00 0.00
228 0.40 -0.00 0.00
229 0.40 -0.00 -0.00
230 0.40 -0.00 -0.00
231 0.40 -0.00 -0.00
232 0.40 -0.00 -0.00
233 0.41 -0.00 0.00
234 0.41 -0.00 0.00
235 0.41 -0.00 0.00
236 0.41 -0.00 0.00
237 0.41 -0.00 0.00
238 0.42 -0.00 0.00
239 0.42 -0.00 -0.00
240 0.42 -0.00 -0.00
241 0.42 -0.00 -0.00
242 0.42 -0.00 -0.00
243 0.42 -0.00 0.00
244 0.43 -0.00 0.00
245 0.43 -0.00 0.00
246 0.43 -0.00 0.00
247 0.43 -0.00 0.00
248 0.43 -0.00 0.00
249 0.44 -0.00 -0.00
250 0.44 -0.00 -0.00
251 0.44 -0.00 -0.00
252 0.44 -0.00 -0.00
253 0.44 -0.00 0.00
254 0.45 -0.00 0.00
255 0.45 -0.00 0.00
256 0.45 -0.00 0.00
257 0.45 -0.00 0.00
258 0.45 -0.00 0.00
259 0.46 -0.00 -0.00
260 0.46 -0.00 -0.00
261 0.46 -0.00 -0.00
262 0.46 -0.00 -0.00
263 0.46 -0.00 0.00
264 0.46 -0.00 0.00
265 0.47 -0.00 0.00
266 0.47 -0.00 0.00
267 0.47 -0.00 0.00
268 0.47 -0.00 0.00
269 0.47 -0.00 -0.00
270 0.48 -0.00 -0.00
271 0.48 -0.00 -0.00
272 0.48 -0.00 -0.00
273 0.48 -0.00 0.00
274 0.48 -0.00 0.00
275 0.49 -0.00 0.00
276 0.49 -0.00 0.00
277 0.49 -0.00 0.00
278 0.49 -0.00 0.00
279 0.49 -0.00 -0.00
280 0.50 -0.00 -0.00
281 0.50 -0.00 -0.00
282 0.50 -0.00 -0.00
283 0.50 -0.00 0.00
284 0.50 -0.00 0.00
285 0.51 -0.00 0.00
286 0.51 -0.00 0.00
287 0.51 -0.00 0.00
288 0.51 -0.00 0.00
289 0.51 -0.00 -0.00
290 0.51 -0.00 -0.00
291 0.52 -0.00 -0.00
292 0.52 -0.00 -0.00
293 0.52 -0.00 0.00
294 0.52 -0.00 0.00
295 0.52 -0.00 0.00
296 0.53 -0.00 0.00
297 0.53 -0.00 0.00
298 0.53 -0.00 0.00
299 0.53 -0.00 -0.00
300 0.53 -0.00 -0.00
301 0.54 -0.00 -0.00
302 0.54 -0.00 0.00
303 0.54 -0.00 0.00
304 0.54 -0.00 0.00
305 0.54 -0.00 0.00
306 0.55 -0.00 0.00
307 0.55 -0.00 -0.00
308 0.55 -0.00 -0.00
309 0.55 -0.00 -0.00
310 0.55 -0.00 -0.00
311 0.56 -0.00 0.00
312 0.56 -0.00 0.00
313 0.56 -0.00 0.00
314 0.56 -0.00 0.00
315 0.56 -0.00 0.00
316 0.56 -0.00 0.00
317 0.57 -0.00 -0.00
318 0.57 -0.00 -0.00
319 0.57 -0.00 -0.00
320 0.57 -0.00 -0.00
321 0.57 -0.00 0.00
322 0.58 -0.00 0.00
323 0.58 -0.00 0.00
324 0.58 -0.00 0.00
325 0.58 -0.00 0.00
326 0.58 -0.00 0.00
327 0.59 -0.00 -0.00
328 0.59 -0.00 -0.00
329 0.59 -0.00 -0.00
330 0.59 -0.00 -0.00
331 0.59 -0.00 0.00
332 0.60 -0.00 0.00
333 0.60 -0.00 0.00
334 0.60 -0.00 0.00
335 0.60 -0.00 0.00
336 0.60 -0.00 0.00
337 0.61 -0.00 -0.00
338 0.61 -0.00 -0.00
339 0.61 -0.00 -0.00
340 0.61 -0.00 -0.00
341 0.61 -0.00 0.00
342 0.61 -0.00 0.00
343 0.62 -0.00 0.00
344 0.62 -0.00 0.00
345 0.62 -0.00 0.00
346 0.62 -0.00 0.00
347 0.62 -0.00 -0.00
348 0.63 -0.00 -0.00
349 0.63 -0.00 -0.00
350 0.63 -0.00 -0.00
351 0.63 -0.00 0.00
352 0.63 -0.00 0.00
353 0.64 -0.00 0.00
354 0.64 -0.00 0.00
355 0.64 -0.00 0.00
356 0.64 -0.00 0.00
357 0.64 -0.00 -0.00
358 0.65 -0.00 -0.00
359 0.65 -0.00 -0.00
360 0.65 -0.00 -0.00
361 0.65 -0.00 0.00
362 0.65 -0.00 0.00
363 0.66 -0.00 0.00
364 0.66 -0.00 0.00
365 0.66 -0.00 0.00
366 0.66 -0.00 0.00
367 0.66 -0.00 -0.00
368 0.66 -0.00 -0.00
369 0.67 -0.00 -0.00
370 0.67 -0.00 -0.00
371 0.67 -0.00 0.00
372 0.67 -0.00 0.00
373 0.67 -0.00 0.00
374 0.68 -0.00 0.00
375 0.68 -0.00 0.00
376 0.68 -0.00 0.00
377 0.68 -0.00 -0.00
378 0.68 -0.00 -0.00
379 0.69 -0.00 -0.00
380 0.69 -0.00 -0.00
381 0.69 -0.00 0.00
382 0.69 -0.00 0.00
383 0.69 -0.00 0.00
384 0.70 -0.00 0.00
385 0.70 -0.00 0.00
386 0.70 -0.00 0.00
387 0.70 -0.00 -0.00
388 0.70 -0.00 -0.00
389 0.71 -0.00 -0.00
390 0.71 -0.00 -0.00
391 0.71 -0.00 0.00
392 0.71 -0.00 0.00
393 0.71 -0.00 0.00
394 0.71 -0.00 0.00
395 0.72 -0.00 0.00
396 0.72 -0.00 0.00
397 0.72 -0.00 -0.00
398 0.72 -0.00 -0.00
399 0.72 -0.00 -0.00
400 0.73 -0.00 -0.00
401 0.73 -0.00 0.00
402 0.73 -0.00 0.00
403 0.73 -0.00 0.00
404 0.73 -0.00 0.00
405 0.74 -0.00 0.00
406 0.74 -0.00 -0.00
407 0.74 -0.00 -0.00
408 0.74 -0.00 -0.00
409 0.74 -0.00 -0.00
410 0.75 -0.00 0.00
411 0.75 -0.00 0.00
412 0.75 -0.00 0.00
413 0.75 -0.00 0.00
414 0.75 -0.00 0.00
415 0.75 -0.00 0.00
416 0.76 -0.00 -0.00
417 0.76 -0.00 -0.00
418 0.76 -0.00 -0.00
419 0.76 -0.00 -0.00
420 0.76 -0.00 0.00
421 0.77 -0.00 0.00
422 0.77 -0.00 0.00
423 0.77 -0.00 0.00
424 0.77 -0.00 0.00
425 0.77 -0.00 0.00
426 0.78 -0.00 -0.00
427 0.78 -0.00 -0.00
428 0.78 -0.00 -0.00
429 0.78 -0.00 -0.00
430 0.78 -0.00 -0.00
431 0.79 -0.00 0.00
432 0.79 -0.00 0.00
433 0.79 -0.00 0.00
434 0.79 -0.00 0.00
435 0.79 -0.00 0.00
436 0.80 -0.00 0.00
437 0.80 -0.00 0.00
438 0.80 -0.00 -0.00
439 0.80 -0.00 -0.00
440 0.80 -0.00 -0.00
441 0.80 -0.00 -0.00
442 0.81 -0.00 -0.00
443 0.81 -0.00 0.00
444 0.81 -0.00 0.00
445 0.81 -0.00 0.00
446 0.81 -0.00 0.00
447 0.82 -0.00 0.00
448 0.82 -0.00 0.00
449 0.82 -0.00 -0.00
450 0.82 -0.00 -0.00
451 0.82 -0.00 -0.00
452 0.83 -0.00 -0.00
453 0.83 -0.00 0.00
454 0.83 -0.00 0.00
455 0.83 -0.00 0.00
456 0.83 -0.00 0.00
457 0.84 -0.00 0.00
458 0.84 -0.00 0.00
459 0.84 -0.00 -0.00
460 0.84 -0.00 -0.00
461 0.84 -0.00 -0.00
462 0.84 -0.00 -0.00
463 0.85 -0.00 0.00
464 0.85 -0.00 0.00
465 0.85 -0.00 0.00
466 0.85 -0.00 0.00
467 0.85 -0.00 0.00
468 0.86 -0.00 0.00
469 0.86 -0.00 -0.00
470 0.86 -0.00 -0.00
471 0.86 -0.00 -0.00
472 0.86 -0.00 -0.00
473 0.87 -0.00 0.00
474 0.87 -0.00 0.00
475 0.87 -0.00 0.00
476 0.87 -0.00 0.00
477 0.87 -0.00 0.00
478 0.88 -0.00 -0.00
479 0.88 -0.00 -0.00
480 0.88 -0.00 -0.00
481 0.88 -0.00 -0.00
482 0.88 -0.00 0.00
483 0.89 -0.00 0.00
484 0.89 -0.00 0.00
485 0.89 -0.00 0.00
486 0.89 -0.00 0.00
487 0.89 -0.00 0.00
488 0.89 -0.00 -0.00
489 0.90 -0.00 -0.00
490 0.90 -0.00 -0.00
491 0.90 -0.00 -0.00
492 0.90 -0.00 0.00
493 0.90 -0.00 0.00
494 0.91 -0.00 0.00
495 0.91 -0.00 0.00
496 0.91 -0.00 0.00
497 0.91 -0.00 0.00
498 0.91 -0.00 -0.00
499 0.92 -0.00 -0.00
500 0.92 -0.00 -0.00
501 0.92 -0.00 -0.00
502 0.92 -0.00 -0.00
503 0.92 -0.00 0.00
504 0.93 -0.00 0.00
505 0.93 -0.00 0.00
506 0.93 -0.00 0.00
507 0.93 -0.00 0.00
508 0.93 -0.00 0.00
509 0.93 -0.00 0.00
510 0.94 -0.00 -0.00
511 0.94 -0.00 -0.00
512 0.94 -0.00 -0.00
513 0.94 -0.00 -0.00
514 0.94 -0.00 -0.00
515 0.95 -0.00 0.00
516 0.95 -0.00 0.00
517 0.95 -0.00 0.00
518 0.95 -0.00 0.00
519 0.95 -0.00 0.00
520 0.96 -0.00 0.00
521 0.96 -0.00 -0.00
522 0.96 -0.00 -0.00
523 0.96 -0.00 -0.00
524 0.96 -0.00 -0.00
525 0.97 -0.00 0.00
526 0.97 -0.00 0.00
527 0.97 -0.00 0.00
528 0.97 -0.00 0.00
529 0.97 -0.00 0.00
530 0.97 -0.00 0.00
531 0.98 -0.00 0.00
532 0.98 -0.00 0.00
533 0.98 -0.00 -0.00
534 0.98 -0.00 -0.00
535 0.98 -0.00 -0.00
536 0.98 -0.00 -0.00
537 0.99 -0.00 0.00
538 0.99 -0.00 0.00
539 0.99 -0.00 0.00
540 0.99 -0.00 0.00
541 0.99 -0.00 0.00
542 0.99 -0.00 0.00
543 0.99 -0.00 0.00
544 0.99 -0.00 0.00
545 0.99 -0.00 -0.00
546 0.99 -0.00 -0.00
547 1.00 -0.00 -0.00
548 1.00 -0.00 -0.00
549 1.00 -0.00 0.00
550 1.00 -0.00 0.00
551 1.00 -0.00 0.00
552 1.00 -0.00 0.00
553 1.00 -0.00 0.00
554 1.00 -0.00 0.00
555 1.00 -0.00 0.00
556 1.00 -0.00 0.00
557 1.00 -0.00 0.00
558 1.00 -0.00 0.00
559 1.00 -0.00 0.00
560 1.00 -0.00 0.01
561 1.00 -0.00 0.01
562 1.00 -0.00 0.02
563 1.00 -0.00 0.02
564 1.00 -0.00 0.03
565 1.00 -0.00 0.03
566 1.00 -0.00 0.04
567 1.00 -0.00 0.04
568 1.00 -0.00 0.05
569 1.00 -0.00 0.06
570 1.00 -0.00 0.07
571 1.00 -0.00 0.08
572 1.00 -0.00 0.08
573 1.00 -0.00 0.09
574 1.00 -0.00 0.10
575 1.00 -0.00 0.11
576 1.00 -0.00 0.12
577 1.00 -0.00 0.13
578 1.00 -0.00 0.14
579 1.00 -0.00 0.16
580 1.00 -0.00 0.17
581 1.00 -0.00 0.18
582 1.00 -0.00 0.19
583 1.00 -0.00 0.21
584 1.00 -0.00 0.22
585 1.00 -0.00 0.23
586 1.00 -0.00 0.25
587 1.00 -0.00 0.26
588 1.00 -0.00 0.28
589 1.00 -0.00 0.29
590 1.00 -0.00 0.31
591 1.00 -0.00 0.32
592 1.00 -0.00 0.34
593 1.00 -0.00 0.36
594 1.00 -0.00 0.37
595 1.00 -0.00 0.39
596 1.00 -0.00 0.40
597 1.00 -0.00 0.42
598 1.00 -0.00 0.43
599 1.00 -0.00 0.45
600 1.00 -0.00 0.47
601 1.00 -0.00 0.48
602 1.00 -0.00 0.50
603 1.00 -0.00 0.51
604 1.00 -0.00 0.53
605 1.00 -0.00 0.54
606 1.00 -0.00 0.56
607 1.00 0.00 0.57
608 1.00 -0.00 0.59
609 1.00 0.00 0.61
610 1.00 -0.00 0.62
611 1.00 0.00 0.64
612 1.00 -0.00 0.65
613 1.00 0.00 0.67
614 1.00 -0.00 0.68
615 1.00 0.00 0.70
616 1.00 -0.00 0.72
617 1.00 0.00 0.73
618 1.00 -0.00 0.75
619 1.00 0.00 0.76
620 1.00 -0.00 0.78
621 1.00 0.00 0.79
622 1.00 -0.00 0.81
623 1.00 -0.00 0.82
624 1.00 0.00 0.84
625 1.00 -0.00 0.86
626 1.00 0.00 0.87
627 1.00 -0.00 0.89
628 1.00 0.00 0.90
629 1.00 -0.00 0.92
630 1.00 0.00 0.93
631 1.00 -0.00 0.95
632 1.00 0.00 0.97
633 1.00 -0.00 0.98
634 1.00 0.00 1.00
635 1.00 -0.00 1.01
636 1.00 0.00 1.03
637 1.00 -0.00 1.04
638 1.00 0.00 1.06
639 1.00 -0.00 1.07
640 1.00 0.00 1.09
641 1.00 -0.00 1.11
642 1.00 0.00 1.12
643 1.00 -0.00 1.14
644 1.00 0.00 1.15
645 1.00 -0.00 1.17
646 1.00 -0.00 1.18
647 1.00 0.00 1.20
648 1.00 -0.00 1.22
649 1.00 0.00 1.23
650 1.00 -0.00 1.25
651 1.00 0.00 1.26
652 1.00 -0.00 1.28
653 1.00 0.00 1.29
654 1.00 -0.00 1.31
655 1.00 0.00 1.32
656 1.00 -0.00 1.34
657 1.00 0.00 1.36
658 1.00 -0.00 1.37
659 1.00 0.00 1.39
660 1.00 -0.00 1.40
661 1.00 0.00 1.42
662 1.00 -0.00 1.43
663 1.00 0.00 1.45
664 1.00 -0.00 1.46
665 1.00 0.00 1.48
666 1.00 0.00 1.49
667 1.00 -0.00 1.51
668 1.00 0.00 1.52
669 1.00 -0.00 1.53
670 1.00 0.00 1.55
671 1.00 0.00 1.56
672 1.00 -0.00 1.57
673 1.00 0.00 1.58
674 1.00 -0.00 1.59
675 1.00 -0.00 1.60
676 1.00 -0.00 1.60
677 1.00 0.00 1.62
678 1.00 0.00 1.62
679 1.00 0.00 1.62
680 1.00 0.00 1.61
681 1.00 0.01 1.61
682 1.00 0.01 1.61
683 1.00 0.01 1.61
684 1.00 0.01 1.61
685 1.00 0.01 1.61
686 1.00 0.01 1.61
687 1.00 0.02 1.61
688 1.00 0.02 1.61
689 1.00 0.02 1.61
690 1.00 0.02 1.61
691 1.00 0.02 1.61
692 1.00 0.03 1.61
693 1.00 0.03 1.61
694 1.00 0.03 1.61
695 1.00 0.03 1.61
696 1.00 0.03 1.61
697 1.00 0.04 1.61
698 1.00 0.04 1.61
699 1.00 0.04 1.61
700 1.00 0.04 1.61
701 1.00 0.04 1.61
702 1.00 0.04 1.61
703 1.00 0.05 1.61
704 1.00 0.05 1.61
705 1.00 0.05 1.61
706 1.00 0.05 1.61
707 1.00 0.05 1.61
708 1.00 0.06 1.61
709 1.00 0.06 1.61
710 1.00 0.06 1.60
711 1.00 0.06 1.60
712 1.00 0.06 1.60
713 1.00 0.07 1.60
714 1.00 0.07 1.60
715 1.00 0.07 1.60
716 1.00 0.07 1.60
717 1.00 0.07 1.60
718 1.00 0.08 1.60
719 1.00 0.08 1.60
720 1.00 0.08 1.60
721 1.00 0.08 1.60
722 1.00 0.08 1.60
723 1.00 0.08 1.60
724 1.00 0.09 1.60
725 1.00 0.09 1.60
726 1.00 0.09 1.60
727 1.00 0.09 1.60
728 1.00 0.09 1.60
729 1.00 0.10 1.60
730 1.00 0.10 1.60
731 1.00 0.10 1.60
732 1.00 0.10 1.60
733 1.00 0.10 1.60
734 1.00 0.11 1.60
735 1.00 0.11 1.59
736 1.00 0.11 1.59
737 1.00 0.11 1.59
738 1.00 0.11 1.59
739 1.00 0.12 1.59
740 1.00 0.12 1.59
741 1.00 0.12 1.59
742 1.00 0.12 1.59
743 1.00 0.12 1.59
744 1.00 0.12 1.59
745 1.00 0.13 1.59
746 1.00 0.13 1.59
747 1.00 0.13 1.59
748 1.00 0.13 1.59
749 1.00 0.13 1.59
750 1.00 0.14 1.59
751 1.00 0.14 1.59
752 1.00 0.14 1.59
753 1.00 0.14 1.59
754 1.00 0.14 1.59
755 1.00 0.15 1.59
756 1.00 0.15 1.59
757 1.00 0.15 1.59
758 1.00 0.15 1.59
759 1.00 0.15 1.59
760 1.00 0.16 1.59
761 1.00 0.16 1.58
762 1.00 0.16 1.58
763 1.00 0.16 1.58
764 1.00 0.16 1.58
765 1.00 0.16 1.58
766 1.00 0.17 1.58
767 1.00 0.17 1.58
768 1.00 0.17 1.58
769 1.00 0.17 1.58
770 1.00 0.17 1.58
771 1.00 0.18 1.58
772 1.00 0.18 1.58
773 1.00 0.18 1.58
774 1.00 0.18 1.58
775 1.00 0.18 1.58
776 1.00 0.19 1.58
777 1.00 0.19 1.58
778 1.00 0.19 1.58
779 1.00 0.19 1.58
780 1.00 0.19 1.58
781 1.00 0.19 1.58
782 1.00 0.20 1.58
783 1.00 0.20 1.58
784 1.00 0.20 1.58
785 1.00 0.20 1.58
786 1.00 0.20 1.57
787 1.00 0.21 1.57
788 1.00 0.21 1.57
789 1.00 0.21 1.57
790 1.00 0.21 1.57
791 1.00 0.21 1.57
792 1.00 0.22 1.57
793 1.00 0.22 1.57
794 1.00 0.22 1.57
795 1.00 0.22 1.57
796 1.00 0.22 1.57
797 1.00 0.23 1.57
798 1.00 0.23 1.57
799 1.00 0.23 1.57
800 1.00 0.23 1.57
801 1.00 0.23 1.57
802 1.00 0.23 1.57
803 1.00 0.24 1.57
804 1.00 0.24 1.57
805 1.00 0.24 1.57
806 1.00 0.24 1.57
807 1.00 0.24 1.57
808 1.00 0.25 1.57
809 1.00 0.25 1.57
810 1.00 0.25 1.57
811 1.00 0.25 1.57
812 1.00 0.25 1.57
813 1.00 0.26 1.57
814 1.00 0.26 1.57
815 1.00 0.26 1.57
816 1.00 0.26 1.57
817 1.00 0.26 1.57
818 1.00 0.27 1.57
819 1.00 0.27 1.57
820 1.00 0.27 1.57
821 1.00 0.27 1.57
822 1.00 0.27 1.57
823 1.00 0.27 1.57
824 1.00 0.28 1.57
825 1.00 0.28 1.57
826 1.00 0.28 1.57
827 1.00 0.28 1.57
828 1.00 0.28 1.57
829 1.00 0.29 1.57
830 1.00 0.29 1.57
831 1.00 0.29 1.57
832 1.00 0.29 1.57
833 1.00 0.29 1.57
834 1.00 0.30 1.57
835 1.00 0.30 1.57
836 1.00 0.30 1.57
837 1.00 0.30 1.57
838 1.00 0.30 1.57
839 1.00 0.31 1.57
840 1.00 0.31 1.57
841 1.00 0.31 1.57
842 1.00 0.31 1.57
843 1.00 0.31 1.57
844 1.00 0.31 1.57
845 1.00 0.32 1.57
846 1.00 0.32 1.57
847 1.00 0.32 1.57
848 1.00 0.32 1.57
849 1.00 0.32 1.57
850 1.00 0.33 1.57
851 1.00 0.33 1.57
852 1.00 0.33 1.57
853 1.00 0.33 1.57
854 1.00 0.33 1.57
855 1.00 0.34 1.57
856 1.00 0.34 1.57
857 1.00 0.34 1.57
858 1.00 0.34 1.57
859 1.00 0.34 1.57
860 1.00 0.35 1.57
861 1.00 0.35 1.57
862 1.00 0.35 1.57
863 1.00 0.35 1.57
864 1.00 0.35 1.57
865 1.00 0.35 1.57
866 1.00 0.36 1.57
867 1.00 0.36 1.57
868 1.00 0.36 1.57
869 1.00 0.36 1.57
870 1.00 0.36 1.57
871 1.00 0.37 1.57
872 1.00 0.37 1.57
873 1.00 0.37 1.57
874 1.00 0.37 1.57
875 1.00 0.37 1.57
876 1.00 0.38 1.57
877 1.00 0.38 1.57
878 1.00 0.38 1.57
879 1.00 0.38 1.57
880 1.00 0.38 1.57
881 1.00 0.38 1.57
882 1.00 0.39 1.57
883 1.00 0.39 1.57
884 1.00 0.39 1.57
885 1.00 0.39 1.57
886 1.00 0.39 1.57
887 1.00 0.40 1.57
888 1.00 0.40 1.57
889 1.00 0.40 1.57
890 1.00 0.40 1.57
891 1.00 0.40 1.57
892 1.00 0.41 1.57
893 1.00 0.41 1.57
894 1.00 0.41 1.57
895 1.00 0.41 1.57
896 1.00 0.41 1.57
897 1.00 0.42 1.57
898 1.00 0.42 1.57
899 1.00 0.42 1.57
900 1.00 0.42 1.57
901 1.00 0.42 1.57
902 1.00 0.42 1.57
903 1.00 0.43 1.57
904 1.00 0.43 1.57
905 1.00 0.43 1.57
906 1.00 0.43 1.57
907 1.00 0.43 1.57
908 1.00 0.44 1.57
909 1.00 0.44 1.57
910 1.00 0.44 1.57
911 1.00 0.44 1.57
912 1.00 0.44 1.57
913 1.00 0.45 1.57
914 1.00 0.45 1.57
915 1.00 0.45 1.57
916 1.00 0.45 1.57
917 1.00 0.45 1.57
918 1.00 0.46 1.57
919 1.00 0.46 1.57
920 1.00 0.46 1.57
921 1.00 0.46 1.57
922 1.00 0.46 1.57
923 1.00 0.47 1.57
924 1.00 0.47 1.57
925 1.00 0.47 1.57
926 1.00 0.47 1.57
927 1.00 0.47 1.57
928 1.00 0.48 1.57
929 1.00 0.48 1.57
930 1.00 0.48 1.57
931 1.00 0.48 1.57
932 1.00 0.48 1.57
933 1.00 0.49 1.57
934 1.00 0.49 1.57
935 1.00 0.49 1.57
936 1.00 0.49 1.57
937 1.00 0.49 1.57
938 1.00 0.50 1.57
939 1.00 0.50 1.57
940 1.00 0.50 1.57
941 1.00 0.50 1.57
942 1.00 0.50 1.57
943 1.00 0.50 1.57
944 1.00 0.51 1.57
945 1.00 0.51 1.57
946 1.00 0.51 1.57
947 1.00 0.51 1.57
948 1.00 0.51 1.57
949 1.00 0.52 1.57
950 1.00 0.52 1.57
951 1.00 0.52 1.57
952 1.00 0.52 1.57
953 1.00 0.52 1.57
954 1.00 0.53 1.57
955 1.00 0.53 1.57
956 1.00 0.53 1.57
957 1.00 0.53 1.57
958 1.00 0.53 1.57
959 1.00 0.54 1.57
960 1.00 0.54 1.57
961 1.00 0.54 1.57
962 1.00 0.54 1.57
963 1.00 0.54 1.57
964 1.00 0.54 1.57
965 1.00 0.55 1.57
966 1.00 0.55 1.57
967 1.00 0.55 1.57
968 1.00 0.55 1.57
969 1.00 0.55 1.57
970 1.00 0.56 1.57
971 1.00 0.56 1.57
972 1.00 0.56 1.57
973 1.00 0.56 1.57
974 1.00 0.56 1.57
975 1.00 0.57 1.57
976 1.00 0.57 1.57
977 1.00 0.57 1.57
978 1.00 0.57 1.57
979 1.00 0.57 1.57
980 1.00 0.57 1.57
981 1.00 0.58 1.57
982 1.00 0.58 1.57
983 1.00 0.58 1.57
984 1.00 0.58 1.57
985 1.00 0.58 1.57
986 1.00 0.59 1.57
987 1.00 0.59 1.57
988 1.00 0.59 1.57
989 1.00 0.59 1.57
990 1.00 0.59 1.57
991 1.00 0.60 1.57
992 1.00 0.60 1.57
993 1.00 0.60 1.57
994 1.00 0.60 1.57
995 1.00 0.60 1.57
996 1.00 0.61 1.57
997 1.00 0.61 1.57
998 1.00 0.61 1.57
999 1.00 0.61 1.57
1000 1.00 0.61 1.57
1001 1.00 0.61 1.57
1002 1.00 0.62 1.57
1003 1.00 0.62 1.57
1004 1.00 0.62 1.57
1005 1.00 0.62 1.57
1006 1.00 0.62 1.57
1007 1.00 0.63 1.57
1008 1.00 0.63 1.57
1009 1.00 0.63 1.57
1010 1.00 0.63 1.57
1011 1.00 0.63 1.57
1012 1.00 0.64 1.57
1013 1.00 0.64 1.57
1014 1.00 0.64 1.57
1015 1.00 0.64 1.57
1016 1.00 0.64 1.57
1017 1.00 0.65 1.57
1018 1.00 0.65 1.57
1019 1.00 0.65 1.57
1020 1.00 0.65 1.57
1021 1.00 0.65 1.57
1022 1.00 0.65 1.57
1023 1.00 0.66 1.57
1024 1.00 0.66 1.57
1025 1.00 0.66 1.57
1026 1.00 0.66 1.57
1027 1.00 0.66 1.57
1028 1.00 0.67 1.57
1029 1.00 0.67 1.57
1030 1.00 0.67 1.57
1031 1.00 0.67 1.57
1032 1.00 0.67 1.57
1033 1.00 0.68 1.57
1034 1.00 0.68 1.57
1035 1.00 0.68 1.57
1036 1.00 0.68 1.57
1037 1.00 0.68 1.57
1038 1.00 0.69 1.57
1039 1.00 0.69 1.57
1040 1.00 0.69 1.57
1041 1.00 0.69 1.57
1042 1.00 0.69 1.57
1043 1.00 0.69 1.57
1044 1.00 0.70 1.57
1045 1.00 0.70 1.57
1046 1.00 0.70 1.57
1047 1.00 0.70 1.57
1048 1.00 0.70 1.57
1049 1.00 0.71 1.57
1050 1.00 0.71 1.57
1051 1.00 0.71 1.57
1052 1.00 0.71 1.57
1053 1.00 0.71 1.57
1054 1.00 0.72 1.57
1055 1.00 0.72 1.57
1056 1.00 0.72 1.57
1057 1.00 0.72 1.57
1058 1.00 0.72 1.57
1059 1.00 0.73 1.57
1060 1.00 0.73 1.57
1061 1.00 0.73 1.57
1062 1.00 0.73 1.57
1063 1.00 0.73 1.57
1064 1.00 0.73 1.57
1065 1.00 0.74 1.57
1066 1.00 0.74 1.57
1067 1.00 0.74 1.57
1068 1.00 0.74 1.57
1069 1.00 0.74 1.57
1070 1.00 0.75 1.57
1071 1.00 0.75 1.57
1072 1.00 0.75 1.57
1073 1.00 0.75 1.57
1074 1.00 0.75 1.57
1075 1.00 0.76 1.57
1076 1.00 0.76 1.57
1077 1.00 0.76 1.57
1078 1.00 0.76 1.57
1079 1.00 0.76 1.57
1080 1.00 0.76 1.57
1081 1.00 0.77 1.57
1082 1.00 0.77 1.57
1083 1.00 0.77 1.57
1084 1.00 0.77 1.57
1085 1.00 0.77 1.57
1086 1.00 0.78 1.57
1087 1.00 0.78 1.57
1088 1.00 0.78 1.57
1089 1.00 0.78 1.57
1090 1.00 0.78 1.57
1091 1.00 0.79 1.57
1092 1.00 0.79 1.57
1093 1.00 0.79 1.57
1094 1.00 0.79 1.57
1095 1.00 0.79 1.57
1096 1.00 0.80 1.57
1097 1.00 0.80 1.57
1098 1.00 0.80 1.57
1099 1.00 0.80 1.57
1100 1.00 0.80 1.57
1101 1.00 0.80 1.57
1102 1.00 0.81 1.57
1103 1.00 0.81 1.57
1104 1.00 0.81 1.57
1105 1.00 0.81 1.57
1106 1.00 0.81 1.57
1107 1.00 0.82 1.57
1108 1.00 0.82 1.57
1109 1.00 0.82 1.57
1110 1.00 0.82 1.57
1111 1.00 0.82 1.57
1112 1.00 0.83 1.57
1113 1.00 0.83 1.57
1114 1.00 0.83 1.57
1115 1.00 0.83 1.57
1116 1.00 0.83 1.57
1117 1.00 0.84 1.57
1118 1.00 0.84 1.57
1119 1.00 0.84 1.57
1120 1.00 0.84 1.57
1121 1.00 0.84 1.57
1122 1.00 0.84 1.57
1123 1.00 0.85 1.57
1124 1.00 0.85 1.57
1125 1.00 0.85 1.57
1126 1.00 0.85 1.57
1127 1.00 0.85 1.57
1128 1.00 0.86 1.57
1129 1.00 0.86 1.57
1130 1.00 0.86 1.57
1131 1.00 0.86 1.57
1132 1.00 0.86 1.57
1133 1.00 0.87 1.57
1134 1.00 0.87 1.57
1135 1.00 0.87 1.57
1136 1.00 0.87 1.57
1137 1.00 0.87 1.57
1138 1.00 0.88 1.57
1139 1.00 0.88 1.57
1140 1.00 0.88 1.57
1141 1.00 0.88 1.57
1142 1.00 0.88 1.57
1143 1.00 0.88 1.57
1144 1.00 0.89 1.57
1145 1.00 0.89 1.57
1146 1.00 0.89 1.57
1147 1.00 0.89 1.57
1148 1.00 0.89 1.57
1149 1.00 0.90 1.57
1150 1.00 0.90 1.57
1151 1.00 0.90 1.57
1152 1.00 0.90 1.57
1153 1.00 0.90 1.57
1154 1.00 0.91 1.57
1155 1.00 0.91 1.57
1156 1.00 0.91 1.57
1157 1.00 0.91 1.57
1158 1.00 0.91 1.57
1159 1.00 0.91 1.57
1160 1.00 0.92 1.57
1161 1.00 0.92 1.57
1162 1.00 0.92 1.57
1163 1.00 0.92 1.57
1164 1.00 0.92 1.57
1165 1.00 0.93 1.57
1166 1.00 0.93 1.57
1167 1.00 0.93 1.57
1168 1.00 0.93 1.57
1169 1.00 0.93 1.57
1170 1.00 0.94 1.57
1171 1.00 0.94 1.57
1172 1.00 0.94 1.57
1173 1.00 0.94 1.57
1174 1.00 0.94 1.57
1175 1.00 0.95 1.57
1176 1.00 0.95 1.57
1177 1.00 0.95 1.57
1178 1.00 0.95 1.57
1179 1.00 0.95 1.57
1180 1.00 0.95 1.57
1181 1.00 0.96 1.57
1182 1.00 0.96 1.57
1183 1.00 0.96 1.57
1184 1.00 0.96 1.57
1185 1.00 0.96 1.57
1186 1.00 0.97 1.57
1187 1.00 0.97 1.57
1188 1.00 0.97 1.57
1189 1.00 0.97 1.57
1190 1.00 0.97 1.57
1191 1.00 0.97 1.57
1192 1.00 0.98 1.57
1193 1.00 0.98 1.57
1194 1.00 0.98 1.57
1195 1.00 0.98 1.57
1196 1.00 0.98 1.57
1197 1.00 0.98 1.57
1198 1.00 0.98 1.57
1199 1.00 0.99 1.57
1200 1.00 0.99 1.57
1201 1.00 0.99 1.57
1202 1.00 0.99 1.57
1203 1.00 0.99 1.57
1204 1.00 0.99 1.57
1205 1.00 0.99 1.57
1206 1.00 0.99 1.57
1207 1.00 0.99 1.57
1208 1.00 0.99 1.57
1209 1.00 1.00 1.57
1210 1.00 1.00 1.57
1211 1.00 1.00 1.57
1212 1.00 1.00 1.57
1213 1.00 1.00 1.57
1214 1.00 1.00 1.57
1215 1.00 1.00 1.57
1216 1.00 1.00 1.57
1217 1.00 1.00 1.57
1218 1.00 1.00 1.57
1219 1.00 1.00 1.57
1220 1.00 1.00 1.57
1221 1.00 1.00 1.57
1222 1.00 1.00 1.57
1223 1.00 1.00 1.57
1224 1.00 1.00 1.57
1225 1.00 1.00 1.58
1226 1.00 1.00 1.58
1227 1.00 1.00 1.58
1228 1.00 1.00 1.59
1229 1.00 1.00 1.59
1230 1.00 1.00 1.60
1231 1.00 1.00 1.60
1232 1.00 1.00 1.61
1233 1.00 1.00 1.61
1234 1.00 1.00 1.62
1235 1.00 1.00 1.63
1236 1.00 1.00 1.63
1237 1.00 1.00 1.64
1238 1.00 1.00 1.65
1239 1.00 1.00 1.66
1240 1.00 1.00 1.67
1241 1.00 1.00 1.67
1242 1.00 1.00 1.68
1243 1.00 1.00 1.69
1244 1.00 1.00 1.70
1245 1.00 1.00 1.71
1246 1.00 1.00 1.73
1247 1.00 1.00 1.74
1248 1.00 1.00 1.75
1249 1.00 1.00 1.76
1250 1.00 1.00 1.77
1251 1.00 1.00 1.79
1252 1.00 1.00 1.80
1253 1.00 1.00 1.81
1254 1.00 1.00 1.83
1255 1.00 1.00 1.84
1256 1.00 1.00 1.86
1257 1.00 1.00 1.87
1258 1.00 1.00 1.89
1259 1.00 1.00 1.91
1260 1.00 1.00 1.92
1261 1.00 1.00 1.94
1262 1.00 1.00 1.95
1263 1.00 1.00 1.97
1264 1.00 1.00 1.98
1265 1.00 1.00 2.00
1266 1.00 1.00 2.01
1267 1.00 1.00 2.03
1268 1.00 1.00 2.05
1269 1.00 1.00 2.06
1270 1.00 1.00 2.08
1271 1.00 1.00 2.09
1272 1.00 1.00 2.11
1273 1.00 1.00 2.12
1274 1.00 1.00 2.14
1275 1.00 1.00 2.16
1276 1.00 1.00 2.17
1277 1.00 1.00 2.19
1278 1.00 1.00 2.20
1279 1.00 1.00 2.22
1280 1.00 1.00 2.23
1281 1.00 1.00 2.25
1282 1.00 1.00 2.26
1283 1.00 1.00 2.28
1284 1.00 1.00 2.30
1285 1.00 1.00 2.31
1286 1.00 1.00 2.33
1287 1.00 1.00 2.34
1288 1.00 1.00 2.36
1289 1.00 1.00 2.37
1290 1.00 1.00 2.39
1291 1.00 1.00 2.41
1292 1.00 1.00 2.42
1293 1.00 1.00 2.44
1294 1.00 1.00 2.45
1295 1.00 1.00 2.47
1296 1.00 1.00 2.48
1297 1.00 1.00 2.50
1298 1.00 1.00 2.52
1299 1.00 1.00 2.53
1300 1.00 1.00 2.55
1301 1.00 1.00 2.56
1302 1.00 1.00 2.58
1303 1.00 1.00 2.59
1304 1.00 1.00 2.61
1305 1.00 1.00 2.62
1306 1.00 1.00 2.64
1307 1.00 1.00 2.66
1308 1.00 1.00 2.67
1309 1.00 1.00 2.69
1310 1.00 1.00 2.70
1311 1.00 1.00 2.72
1312 1.00 1.00 2.73
1313 1.00 1.00 2.75
1314 1.00 1.00 2.76
1315 1.00 1.00 2.78
1316 1.00 1.00 2.80
1317 1.00 1.00 2.81
1318 1.00 1.00 2.83
1319 1.00 1.00 2.84
1320 1.00 1.00 2.86
1321 1.00 1.00 2.87
1322 1.00 1.00 2.89
1323 1.00 1.00 2.91
1324 1.00 1.00 2.92
1325 1.00 1.00 2.94
1326 1.00 1.00 2.95
1327 1.00 1.00 2.97
1328 1.00 1.00 2.98
1329 1.00 1.00 3.00
1330 1.00 1.00 3.01
1331 1.00 1.00 3.03
1332 1.00 1.00 3.05
1333 1.00 1.00 3.06
1334 1.00 1.00 3.08
1335 1.00 1.00 3.09
1336 1.00 1.00 3.10
1337 1.00 1.00 3.12
1338 1.00 1.00 3.13
1339 1.00 1.00 -3.14
1340 1.00 1.00 -3.13
1341 1.00 1.00 -3.12
1342 1.00 1.00 -3.12
1343 1.00 1.00 -3.10
1344 0.99 1.00 -3.13
1345 0.99 1.00 3.13
1346 0.99 1.00 3.11
1347 0.99 1.00 3.08
1348 0.99 1.00 3.08
1349 0.99 1.00 3.08
1350 0.98 1.00 3.08
1351 0.98 1.00 3.08
1352 0.98 1.00 3.08
1353 0.98 1.00 3.08
1354 0.98 1.00 3.09
1355 0.97 1.00 3.09
1356 0.97 1.00 3.09
1357 0.97 1.00 3.09
1358 0.97 1.00 3.09
1359 0.97 1.00 3.09
1360 0.96 1.00 3.09
1361 0.96 1.00 3.09
1362 0.96 1.00 3.09
1363 0.96 1.00 3.09
1364 0.96 1.00 3.09
1365 0.96 1.00 3.09
1366 0.95 1.00 3.09
1367 0.95 1.00 3.09
1368 0.95 1.00 3.09
1369 0.95 1.00 3.09
1370 0.95 1.00 3.09
1371 0.94 1.00 3.09
1372 0.94 1.00 3.09
1373 0.94 1.00 3.09
1374 0.94 1.00 3.09
1375 0.94 1.00 3.09
1376 0.93 1.00 3.09
1377 0.93 1.00 3.09
1378 0.93 1.00 3.09
1379 0.93 1.00 3.10
1380 0.93 1.00 3.10
1381 0.92 1.00 3.10
1382 0.92 1.00 3.10
1383 0.92 1.00 3.10
1384 0.92 1.00 3.10
1385 0.92 1.00 3.10
1386 0.92 1.00 3.10
1387 0.91 1.00 3.10
1388 0.91 1.00 3.10
1389 0.91 1.00 3.10
1390 0.91 1.00 3.10
1391 0.91 1.00 3.10
1392 0.90 1.00 3.10
1393 0.90 1.00 3.10
1394 0.90 1.00 3.10
1395 0.90 1.01 3.10
1396 0.90 1.01 3.10
1397 0.89 1.01 3.10
1398 0.89 1.01 3.10
1399 0.89 1.01 3.10
1400 0.89 1.01 3.10
1401 0.89 1.01 3.10
1402 0.88 1.01 3.10
1403 0.88 1.01 3.10
1404 0.88 1.01 3.10
1405 0.88 1.01 3.11
1406 0.88 1.01 3.11
1407 0.88 1.01 3.11
1408 0.87 1.01 3.11
1409 0.87 1.01 3.11
1410 0.87 1.01 3.11
1411 0.87 1.01 3.11
1412 0.87 1.01 3.11
1413 0.86 1.01 3.11
1414 0.86 1.01 3.11
1415 0.86 1.01 3.11
1416 0.86 1.01 3.11
1417 0.86 1.01 3.11
1418 0.85 1.01 3.11
1419 0.85 1.01 3.11
1420 0.85 1.01 3.11
1421 0.85 1.01 3.11
1422 0.85 1.01 3.11
1423 0.84 1.01 3.11
1424 0.84 1.01 3.11
1425 0.84 1.01 3.11
1426 0.84 1.01 3.11
1427 0.84 1.01 3.11
1428 0.84 1.01 3.11
1429 0.83 1.01 3.11
1430 0.83 1.01 3.11
1431 0.83 1.01 3.12
1432 0.83 1.01 3.12
1433 0.83 1.01 3.12
1434 0.82 1.01 3.12
1435 0.82 1.01 3.12
1436 0.82 1.01 3.12
1437 0.82 1.01 3.12
1438 0.82 1.01 3.12
1439 0.81 1.01 3.12
1440 0.81 1.01 3.12
1441 0.81 1.01 3.12
1442 0.81 1.01 3.12
1443 0.81 1.01 3.12
1444 0.81 1.01 3.12
1445 0.80 1.01 3.12
1446 0.80 1.01 3.12
1447 0.80 1.01 3.12
1448 0.80 1.01 3.12
1449 0.80 1.01 3.12
1450 0.79 1.01 3.12
1451 0.79 1.01 3.12
1452 0.79 1.01 3.12
1453 0.79 1.01 3.12
1454 0.79 1.01 3.12
1455 0.78 1.01 3.12
1456 0.78 1.01 3.12
1457 0.78 1.01 3.13
1458 0.78 1.01 3.13
1459 0.78 1.01 3.13
1460 0.77 1.01 3.13
1461 0.77 1.01 3.13
1462 0.77 1.01 3.13
1463 0.77 1.01 3.13
1464 0.77 1.01 3.13
1465 0.77 1.01 3.13
1466 0.76 1.01 3.13
1467 0.76 1.01 3.13
1468 0.76 1.01 3.13
1469 0.76 1.01 3.13
1470 0.76 1.01 3.13
1471 0.75 1.01 3.13
1472 0.75 1.01 3.13
1473 0.75 1.01 3.13
1474 0.75 1.01 3.13
1475 0.75 1.01 3.13
1476 0.74 1.01 3.13
1477 0.74 1.01 3.13
1478 0.74 1.01 3.13
1479 0.74 1.01 3.13
1480 0.74 1.01 3.13
1481 0.73 1.01 3.13
1482 0.73 1.01 3.14
1483 0.73 1.01 3.14
1484 0.73 1.01 3.14
1485 0.73 1.01 3.14
1486 0.73 1.01 3.14
1487 0.72 1.01 3.14
1488 0.72 1.01 3.14
1489 0.72 1.01 3.14
1490 0.72 1.01 3.14
1491 0.72 1.01 3.14
1492 0.71 1.01 3.14
1493 0.71 1.01 3.14
1494 0.71 1.01 3.14
1495 0.71 1.01 3.14
1496 0.71 1.01 3.14
1497 0.70 1.01 3.14
1498 0.70 1.01 3.14
1499 0.70 1.01 -3.14
1500 0.70 1.01 -3.14
1501 0.70 1.01 -3.14
1502 0.69 1.01 3.12
1503 0.69 1.01 3.09
1504 0.69 1.01 3.07
1505 0.69 1.01 3.07
1506 0.69 1.01 3.07
1507 0.69 1.01 3.07
1508 0.68 1.01 3.07
1509 0.68 1.01 3.07
1510 0.68 1.01 3.07
1511 0.68 1.01 3.07
1512 0.68 1.01 3.07
1513 0.67 1.01 3.07
1514 0.67 1.01 3.07
1515 0.67 1.01 3.07
1516 0.67 1.01 3.07
1517 0.67 1.01 3.08
1518 0.66 1.01 3.08
1519 0.66 1.01 3.08
1520 0.66 1.01 3.08
1521 0.66 1.01 3.08
1522 0.66 1.01 3.08
1523 0.65 1.01 3.08
1524 0.65 1.01 3.08
1525 0.65 1.01 3.08
1526 0.65 1.01 3.08
1527 0.65 1.01 3.08
1528 0.65 1.01 3.08
1529 0.64 1.01 3.08
1530 0.64 1.01 3.08
1531 0.64 1.01 3.08
1532 0.64 1.01 3.08
1533 0.64 1.01 3.08
1534 0.63 1.01 3.08
1535 0.63 1.01 3.08
1536 0.63 1.01 3.08
1537 0.63 1.01 3.08
1538 0.63 1.01 3.08
1539 0.62 1.01 3.08
1540 0.62 1.01 3.08
1541 0.62 1.01 3.08
1542 0.62 1.01 3.08
1543 0.62 1.01 3.09
1544 0.61 1.01 3.09
1545 0.61 1.01 3.09
1546 0.61 1.01 3.09
1547 0.61 1.01 3.09
1548 0.61 1.01 3.09
1549 0.61 1.01 3.09
1550 0.60 1.01 3.09
1551 0.60 1.01 3.09
1552 0.60 1.01 3.09
1553 0.60 1.02 3.09
1554 0.60 1.02 3.09
1555 0.59 1.02 3.09
1556 0.59 1.02 3.09
1557 0.59 1.02 3.09
1558 0.59 1.02 3.09
1559 0.59 1.02 3.09
1560 0.58 1.02 3.09
1561 0.58 1.02 3.09
1562 0.58 1.02 3.09
1563 0.58 1.02 3.09
1564 0.58 1.02 3.09
1565 0.58 1.02 3.09
1566 0.57 1.02 3.09
1567 0.57 1.02 3.09
1568 0.57 1.02 3.10
1569 0.57 1.02 3.10
1570 0.57 1.02 3.10
1571 0.56 1.02 3.10
1572 0.56 1.02 3.10
1573 0.56 1.02 3.10
1574 0.56 1.02 3.10
1575 0.56 1.02 3.10
1576 0.55 1.02 3.10
1577 0.55 1.02 3.10
1578 0.55 1.02 3.10
1579 0.55 1.02 3.10
1580 0.55 1.02 3.10
1581 0.54 1.02 3.10
1582 0.54 1.02 3.10
1583 0.54 1.02 3.10
1584 0.54 1.02 3.10
1585 0.54 1.02 3.10
1586 0.54 1.02 3.10
1587 0.53 1.02 3.10
1588 0.53 1.02 3.10
1589 0.53 1.02 3.10
1590 0.53 1.02 3.10
1591 0.53 1.02 3.10
1592 0.52 1.02 3.10
1593 0.52 1.02 3.10
1594 0.52 1.02 3.11
1595 0.52 1.02 3.11
1596 0.52 1.02 3.11
1597 0.51 1.02 3.11
1598 0.51 1.02 3.11
1599 0.51 1.02 3.11
1600 0.51 1.02 3.11
1601 0.51 1.02 3.11
1602 0.50 1.02 3.11
1603 0.50 1.02 3.11
1604 0.50 1.02 3.11
1605 0.50 1.02 3.11
1606 0.50 1.02 3.11
1607 0.50 1.02 3.11
1608 0.49 1.02 3.11
1609 0.49 1.02 3.11
1610 0.49 1.02 3.11
1611 0.49 1.02 3.11
1612 0.49 1.02 3.11
1613 0.48 1.02 3.11
1614 0.48 1.02 3.11
1615 0.48 1.02 3.11
1616 0.48 1.02 3.11
1617 0.48 1.02 3.11
1618 0.47 1.02 3.11
1619 0.47 1.02 3.11
1620 0.47 1.02 3.12
1621 0.47 1.02 3.12
1622 0.47 1.02 3.12
1623 0.46 1.02 3.12
1624 0.46 1.02 3.12
1625 0.46 1.02 3.12
1626 0.46 1.02 3.12
1627 0.46 1.02 3.12
1628 0.46 1.02 3.12
1629 0.45 1.02 3.12
1630 0.45 1.02 3.12
1631 0.45 1.02 3.12
1632 0.45 1.02 3.12
1633 0.45 1.02 3.12
1634 0.44 1.02 3.12
1635 0.44 1.02 3.12
1636 0.44 1.02 3.12
1637 0.44 1.02 3.12
1638 0.44 1.02 3.12
1639 0.43 1.02 3.12
1640 0.43 1.02 3.12
1641 0.43 1.02 3.12
1642 0.43 1.02 3.12
1643 0.43 1.02 3.12
1644 0.43 1.02 3.12
1645 0.42 1.02 3.12
1646 0.42 1.02 3.13
1647 0.42 1.02 3.13
1648 0.42 1.02 3.13
1649 0.42 1.02 3.13
1650 0.41 1.02 3.13
1651 0.41 1.02 3.13
1652 0.41 1.02 3.13
1653 0.41 1.02 3.13
1654 0.41 1.02 3.13
1655 0.40 1.02 3.13
1656 0.40 1.02 3.13
1657 0.40 1.02 3.13
1658 0.40 1.02 3.13
1659 0.40 1.02 3.13
1660 0.39 1.02 3.13
1661 0.39 1.02 3.13
1662 0.39 1.02 3.13
1663 0.39 1.02 3.13
1664 0.39 1.02 3.13
1665 0.39 1.02 3.13
1666 0.38 1.02 3.13
1667 0.38 1.02 3.13
1668 0.38 1.02 3.13
1669 0.38 1.02 3.13
1670 0.38 1.02 3.13
1671 0.37 1.02 3.14
1672 0.37 1.02 3.14
1673 0.37 1.02 3.14
1674 0.37 1.02 3.14
1675 0.37 1.02 3.14
1676 0.36 1.02 3.14
1677 0.36 1.02 3.14
1678 0.36 1.02 3.14
1679 0.36 1.02 3.14
1680 0.36 1.02 3.14
1681 0.35 1.02 3.14
1682 0.35 1.02 3.14
1683 0.35 1.02 3.14
1684 0.35 1.02 3.14
1685 0.35 1.02 3.14
1686 0.35 1.02 3.14
1687 0.34 1.02 3.14
1688 0.34 1.02 -3.14
1689 0.34 1.02 -3.14
1690 0.34 1.02 -3.14
1691 0.34 1.02 3.12
1692 0.33 1.02 3.09
1693 0.33 1.02 3.07
1694 0.33 1.02 3.07
1695 0.33 1.02 3.07
1696 0.33 1.02 3.07
1697 0.32 1.02 3.07
1698 0.32 1.02 3.07
1699 0.32 1.02 3.07
1700 0.32 1.02 3.07
1701 0.32 1.02 3.07
1702 0.31 1.02 3.07
1703 0.31 1.02 3.07
1704 0.31 1.02 3.07
1705 0.31 1.02 3.07
1706 0.31 1.02 3.08
1707 0.31 1.02 3.08
1708 0.30 1.02 3.08
1709 0.30 1.02 3.08
1710 0.30 1.02 3.08
1711 0.30 1.02 3.08
1712 0.30 1.02 3.08
1713 0.29 1.02 3.08
1714 0.29 1.02 3.08
1715 0.29 1.02 3.08
1716 0.29 1.02 3.08
1717 0.29 1.03 3.08
1718 0.28 1.03 3.08
1719 0.28 1.03 3.08
1720 0.28 1.03 3.08
1721 0.28 1.03 3.08
1722 0.28 1.03 3.08
1723 0.27 1.03 3.08
1724 0.27 1.03 3.08
1725 0.27 1.03 3.08
1726 0.27 1.03 3.08
1727 0.27 1.03 3.08
1728 0.27 1.03 3.08
1729 0.26 1.03 3.08
1730 0.26 1.03 3.08
1731 0.26 1.03 3.08
1732 0.26 1.03 3.09
1733 0.26 1.03 3.09
1734 0.25 1.03 3.09
1735 0.25 1.03 3.09
1736 0.25 1.03 3.09
1737 0.25 1.03 3.09
1738 0.25 1.03 3.09
1739 0.24 1.03 3.09
1740 0.24 1.03 3.09
1741 0.24 1.03 3.09
1742 0.24 1.03 3.09
1743 0.24 1.03 3.09
1744 0.23 1.03 3.09
1745 0.23 1.03 3.09
1746 0.23 1.03 3.09
1747 0.23 1.03 3.09
1748 0.23 1.03 3.09
1749 0.23 1.03 3.09
1750 0.22 1.03 3.09
1751 0.22 1.03 3.09
1752 0.22 1.03 3.09
1753 0.22 1.03 3.09
1754 0.22 1.03 3.09
1755 0.21 1.03 3.09
1756 0.21 1.03 3.09
1757 0.21 1.03 3.10
1758 0.21 1.03 3.10
1759 0.21 1.03 3.10
1760 0.20 1.03 3.10
1761 0.20 1.03 3.10
1762 0.20 1.03 3.10
1763 0.20 1.03 3.10
1764 0.20 1.03 3.10
1765 0.20 1.03 3.10
1766 0.19 1.03 3.10
1767 0.19 1.03 3.10
1768 0.19 1.03 3.10
1769 0.19 1.03 3.10
1770 0.19 1.03 3.10
1771 0.18 1.03 3.10
1772 0.18 1.03 3.10
1773 0.18 1.03 3.10
1774 0.18 1.03 3.10
1775 0.18 1.03 3.10
1776 0.17 1.03 3.10
1777 0.17 1.03 3.10
1778 0.17 1.03 3.10
1779 0.17 1.03 3.10
1780 0.17 1.03 3.10
1781 0.16 1.03 3.10
1782 0.16 1.03 3.10
1783 0.16 1.03 3.11
1784 0.16 1.03 3.11
1785 0.16 1.03 3.11
1786 0.16 1.03 3.11
1787 0.15 1.03 3.11
1788 0.15 1.03 3.11
1789 0.15 1.03 3.11
1790 0.15 1.03 3.11
1791 0.15 1.03 3.11
1792 0.14 1.03 3.11
1793 0.14 1.03 3.11
1794 0.14 1.03 3.11
1795 0.14 1.03 3.11
1796 0.14 1.03 3.11
1797 0.13 1.03 3.11
1798 0.13 1.03 3.11
1799 0.13 1.03 3.11
1800 0.13 1.03 3.11
1801 0.13 1.03 3.11
1802 0.12 1.03 3.11
1803 0.12 1.03 3.11
1804 0.12 1.03 3.11
1805 0.12 1.03 3.11
1806 0.12 1.03 3.11
1807 0.12 1.03 3.11
1808 0.11 1.03 3.11
1809 0.11 1.03 3.12
1810 0.11 1.03 3.12
1811 0.11 1.03 3.12
1812 0.11 1.03 3.12
1813 0.10 1.03 3.12
1814 0.10 1.03 3.12
1815 0.10 1.03 3.12
1816 0.10 1.03 3.12
1817 0.10 1.03 3.12
1818 0.09 1.03 3.12
1819 0.09 1.03 3.12
1820 0.09 1.03 3.12
1821 0.09 1.03 3.12
1822 0.09 1.03 3.12
1823 0.08 1.03 3.12
1824 0.08 1.03 3.12
1825 0.08 1.03 3.12
1826 0.08 1.03 3.12
1827 0.08 1.03 3.12
1828 0.08 1.03 3.12
1829 0.07 1.03 3.12
1830 0.07 1.03 3.12
1831 0.07 1.03 3.12
1832 0.07 1.03 3.12
1833 0.07 1.03 3.12
1834 0.06 1.03 3.12
1835 0.06 1.03 3.13
1836 0.06 1.03 3.13
1837 0.06 1.03 3.13
1838 0.06 1.03 3.13
1839 0.05 1.03 3.13
1840 0.05 1.03 3.13
1841 0.05 1.03 3.13
1842 0.05 1.03 3.13
1843 0.05 1.03 3.13
1844 0.05 1.03 3.13
1845 0.04 1.03 3.13
1846 0.04 1.03 3.13
1847 0.04 1.03 3.13
1848 0.04 1.03 3.13
1849 0.04 1.03 3.13
1850 0.03 1.03 3.13
1851 0.03 1.03 3.13
1852 0.03 1.03 3.13
1853 0.03 1.03 3.13
1854 0.03 1.03 3.13
1855 0.02 1.03 3.13
1856 0.02 1.03 3.13
1857 0.02 1.03 3.13
1858 0.02 1.03 3.13
1859 0.02 1.03 3.13
1860 0.02 1.03 3.13
1861 0.02 1.03 3.13
1862 0.01 1.03 3.13
1863 0.01 1.03 3.13
1864 0.01 1.03 3.13
1865 0.01 1.03 3.13
1866 0.01 1.03 3.13
1867 0.01 1.03 3.13
1868 0.01 1.03 3.13
1869 0.01 1.03 3.14
1870 0.00 1.03 3.14
1871 0.00 1.03 3.14
1872 0.00 1.03 3.14
1873 0.00 1.03 3.14
1874 0.00 1.03 3.14
1875 0.00 1.03 3.14
1876 -0.00 1.03 3.14
1877 -0.00 1.03 3.14
1878 -0.00 1.03 3.14
1879 -0.00 1.03 3.14
1880 -0.00 1.03 3.14
1881 -0.00 1.03 3.14
1882 -0.00 1.03 3.14
1883 -0.00 1.03 3.14
1884 -0.00 1.03 3.14
1885 -0.00 1.03 3.14
1886 -0.00 1.03 3.14
1887 -0.00 1.03 3.14
1888 -0.00 1.03 3.14
1889 -0.00 1.03 3.14
1890 -0.00 1.03 3.14
1891 -0.00 1.03 3.10
1892 -0.00 1.03 3.07
1893 -0.01 1.03 3.03
1894 -0.01 1.03 2.99
1895 -0.01 1.03 2.96
1896 -0.01 1.03 2.92
1897 -0.01 1.04 2.89
1898 -0.01 1.04 2.85
1899 -0.01 1.04 2.82
1900 -0.01 1.04 2.78
1901 -0.01 1.04 2.75
1902 -0.01 1.04 2.72
1903 -0.01 1.04 2.68
1904 -0.01 1.04 2.65
1905 -0.01 1.04 2.62
1906 -0.01 1.04 2.58
1907 -0.02 1.04 2.55
1908 -0.02 1.04 2.52
1909 -0.02 1.04 2.49
1910 -0.02 1.04 2.45
1911 -0.02 1.04 2.42
1912 -0.02 1.04 2.39
1913 -0.02 1.04 2.36
1914 -0.02 1.05 2.33
1915 -0.02 1.05 2.30
1916 -0.02 1.05 2.27
1917 -0.03 1.05 2.24
1918 -0.03 1.05 2.21
1919 -0.03 1.05 2.18
1920 -0.03 1.05 2.15
1921 -0.03 1.05 2.12
1922 -0.03 1.06 2.09
1923 -0.03 1.06 2.06
1924 -0.03 1.06 2.03
1925 -0.03 1.06 2.01
1926 -0.03 1.06 1.98
1927 -0.03 1.07 1.95
1928 -0.04 1.07 1.92
1929 -0.04 1.07 1.90
1930 -0.04 1.07 1.87
1931 -0.04 1.07 1.84
1932 -0.04 1.07 1.81
1933 -0.04 1.08 1.79
1934 -0.04 1.08 1.76
1935 -0.04 1.08 1.74
1936 -0.04 1.08 1.71
1937 -0.04 1.08 1.68
1938 -0.04 1.09 1.66
1939 -0.04 1.09 1.63
1940 -0.04 1.09 1.61
1941 -0.04 1.09 1.58
1942 -0.04 1.09 1.56
1943 -0.04 1.10 1.53
1944 -0.04 1.10 1.51
1945 -0.04 1.10 1.49
1946 -0.04 1.10 1.46
1947 -0.04 1.10 1.44
1948 -0.04 1.11 1.41
1949 -0.04 1.11 1.39
1950 -0.04 1.11 1.37
1951 -0.04 1.11 1.35
1952 -0.04 1.11 1.32
1953 -0.04 1.12 1.30
1954 -0.04 1.12 1.28
1955 -0.03 1.12 1.26
1956 -0.03 1.12 1.23
1957 -0.03 1.12 1.21
1958 -0.03 1.13 1.19
1959 -0.03 1.13 1.17
1960 -0.03 1.13 1.15
1961 -0.03 1.13 1.13
1962 -0.03 1.13 1.10
1963 -0.03 1.13 1.08
1964 -0.03 1.14 1.06
1965 -0.03 1.14 1.04
1966 -0.03 1.14 1.02
1967 -0.02 1.14 1.00
1968 -0.02 1.14 0.98
1969 -0.02 1.14 0.96
1970 -0.02 1.15 0.94
1971 -0.02 1.15 0.92
1972 -0.02 1.15 0.90
1973 -0.02 1.15 0.88
1974 -0.02 1.15 0.87
1975 -0.01 1.15 0.85
1976 -0.01 1.16 0.83
1977 -0.01 1.16 0.81
1978 -0.01 1.16 0.79
1979 -0.01 1.16 0.77
1980 -0.01 1.16 0.75
1981 -0.01 1.16 0.74
1982 -0.00 1.16 0.72
1983 -0.00 1.17 0.70
1984 -0.00 1.17 0.68
1985 0.00 1.17 0.67
1986 0.00 1.17 0.65
1987 0.00 1.17 0.63
1988 0.00 1.17 0.61
1989 0.01 1.17 0.60
1990 0.01 1.17 0.58
1991 0.01 1.17 0.56
1992 0.01 1.18 0.55
1993 0.01 1.18 0.53
1994 0.02 1.18 0.51
1995 0.02 1.18 0.50
1996 0.02 1.18 0.48
1997 0.02 1.18 0.47
1998 0.02 1.18 0.45
1999 0.02 1.18 0.43
2000 0.03 1.18 0.42
2001 0.03 1.18 0.40
2002 0.03 1.18 0.39
2003 0.03 1.19 0.37
2004 0.03 1.19 0.36
2005 0.03 1.19 0.34
2006 0.04 1.19 0.33
2007 0.04 1.19 0.31
2008 0.04 1.19 0.30
2009 0.04 1.19 0.28
2010 0.04 1.19 0.27
2011 0.05 1.19 0.25
2012 0.05 1.19 0.24
2013 0.05 1.19 0.22
2014 0.05 1.19 0.21
2015 0.05 1.19 0.19
2016 0.06 1.19 0.18
2017 0.06 1.19 0.17
2018 0.06 1.19 0.15
2019 0.06 1.19 0.14
2020 0.06 1.19 0.13
2021 0.06 1.19 0.11
2022 0.07 1.19 0.10
2023 0.07 1.19 0.09
2024 0.07 1.19 0.07
2025 0.07 1.19 0.06
2026 0.07 1.19 0.05
2027 0.08 1.19 0.03
2028 0.08 1.19 0.02
2029 0.08 1.19 0.01
2030 0.08 1.19 -0.00
2031 0.08 1.19 -0.02
2032 0.09 1.19 -0.03
2033 0.09 1.19 -0.04
2034 0.09 1.19 -0.05
2035 0.09 1.19 -0.06
2036 0.09 1.19 -0.08
2037 0.09 1.19 -0.09
2038 0.10 1.19 -0.10
2039 0.10 1.19 -0.11
2040 0.10 1.19 -0.12
2041 0.10 1.19 -0.14
2042 0.10 1.19 -0.15
2043 0.11 1.19 -0.16
2044 0.11 1.19 -0.17
2045 0.11 1.19 -0.18
2046 0.11 1.19 -0.19
2047 0.11 1.19 -0.20
2048 0.12 1.19 -0.21
2049 0.12 1.19 -0.22
2050 0.12 1.19 -0.23
2051 0.12 1.19 -0.25
2052 0.12 1.19 -0.26
2053 0.12 1.19 -0.27
2054 0.13 1.19 -0.28
2055 0.13 1.19 -0.29
2056 0.13 1.19 -0.30
2057 0.13 1.19 -0.31
2058 0.13 1.18 -0.32
2059 0.14 1.18 -0.33
2060 0.14 1.18 -0.34
2061 0.14 1.18 -0.35
2062 0.14 1.18 -0.36
2063 0.14 1.18 -0.37
2064 0.14 1.18 -0.38
2065 0.15 1.18 -0.39
2066 0.15 1.18 -0.40
2067 0.15 1.18 -0.40
2068 0.15 1.18 -0.41
2069 0.15 1.18 -0.42
2070 0.15 1.18 -0.43
2071 0.16 1.18 -0.44
2072 0.16 1.17 -0.45
2073 0.16 1.17 -0.46
2074 0.16 1.17 -0.47
2075 0.16 1.17 -0.48
2076 0.17 1.17 -0.49
2077 0.17 1.17 -0.49
2078 0.17 1.17 -0.50
2079 0.17 1.17 -0.51
2080 0.17 1.17 -0.52
2081 0.17 1.17 -0.53
2082 0.18 1.17 -0.54
2083 0.18 1.16 -0.54
2084 0.18 1.16 -0.55
2085 0.18 1.16 -0.56
2086 0.18 1.16 -0.57
2087 0.18 1.16 -0.58
2088 0.18 1.16 -0.59
2089 0.19 1.16 -0.59
2090 0.19 1.16 -0.60
2091 0.19 1.16 -0.61
2092 0.19 1.16 -0.62
2093 0.19 1.15 -0.62
2094 0.19 1.15 -0.63
2095 0.20 1.15 -0.64
2096 0.20 1.15 -0.64
2097 0.20 1.15 -0.65
2098 0.20 1.15 -0.66
2099 0.20 1.15 -0.67
2100 0.20 1.15 -0.67
2101 0.20 1.14 -0.68
2102 0.21 1.14 -0.69
2103 0.21 1.14 -0.70
2104 0.21 1.14 -0.70
2105 0.21 1.14 -0.71
2106 0.21 1.14 -0.72
2107 0.21 1.14 -0.72
2108 0.21 1.14 -0.73
2109 0.22 1.13 -0.74
2110 0.22 1.13 -0.74
2111 0.22 1.13 -0.75
2112 0.22 1.13 -0.76
2113 0.22 1.13 -0.76
2114 0.22 1.13 -0.77
2115 0.22 1.13 -0.78
2116 0.23 1.13 -0.78
2117 0.23 1.12 -0.79
2118 0.23 1.12 -0.79
2119 0.23 1.12 -0.80
2120 0.23 1.12 -0.81
2121 0.23 1.12 -0.81
2122 0.23 1.12 -0.82
2123 0.23 1.12 -0.82
2124 0.24 1.11 -0.83
2125 0.24 1.11 -0.84
2126 0.24 1.11 -0.84
2127 0.24 1.11 -0.85
2128 0.24 1.11 -0.85
2129 0.24 1.11 -0.86
2130 0.24 1.11 -0.87
2131 0.24 1.10 -0.87
2132 0.25 1.10 -0.88
2133 0.25 1.10 -0.88
2134 0.25 1.10 -0.89
2135 0.25 1.10 -0.89
2136 0.25 1.10 -0.90
2137 0.25 1.10 -0.90
2138 0.25 1.09 -0.91
2139 0.25 1.09 -0.91
2140 0.26 1.09 -0.92
2141 0.26 1.09 -0.92
2142 0.26 1.09 -0.93
2143 0.26 1.09 -0.93
2144 0.26 1.09 -0.94
2145 0.26 1.08 -0.94
2146 0.26 1.08 -0.95
2147 0.26 1.08 -0.95
2148 0.26 1.08 -0.96
2149 0.27 1.08 -0.96
2150 0.27 1.08 -0.97
2151 0.27 1.07 -0.97
2152 0.27 1.07 -0.98
2153 0.27 1.07 -0.98
2154 0.27 1.07 -0.99
2155 0.27 1.07 -0.99
2156 0.27 1.07 -1.00
2157 0.27 1.06 -1.00
2158 0.27 1.06 -1.01
2159 0.28 1.06 -1.01
2160 0.28 1.06 -1.01
2161 0.28 1.06 -1.02
2162 0.28 1.06 -1.02
2163 0.28 1.06 -1.03
2164 0.28 1.05 -1.03
2165 0.28 1.05 -1.04
2166 0.28 1.05 -1.04
2167 0.28 1.05 -1.04
2168 0.28 1.05 -1.05
2169 0.29 1.05 -1.05
2170 0.29 1.04 -1.06
2171 0.29 1.04 -1.06
2172 0.29 1.04 -1.07
2173 0.29 1.04 -1.07
2174 0.29 1.04 -1.07
2175 0.29 1.04 -1.08
2176 0.29 1.03 -1.08
2177 0.29 1.03 -1.09
2178 0.29 1.03 -1.09
2179 0.29 1.03 -1.09
2180 0.30 1.03 -1.10
2181 0.30 1.03 -1.10
2182 0.30 1.02 -1.10
2183 0.30 1.02 -1.11
2184 0.30 1.02 -1.11
2185 0.30 1.02 -1.11
2186 0.30 1.02 -1.12
2187 0.30 1.01 -1.12
2188 0.30 1.01 -1.13
2189 0.30 1.01 -1.13
2190 0.30 1.01 -1.13
2191 0.30 1.01 -1.14
2192 0.31 1.01 -1.14
2193 0.31 1.00 -1.14
2194 0.31 1.00 -1.15
2195 0.31 1.00 -1.15
2196 0.31 1.00 -1.15
2197 0.31 1.00 -1.16
2198 0.31 1.00 -1.16
2199 0.31 0.99 -1.16
2200 0.31 0.99 -1.17
2201 0.31 0.99 -1.17
2202 0.31 0.99 -1.17
2203 0.31 0.99 -1.18
2204 0.31 0.99 -1.18
2205 0.32 0.98 -1.18
2206 0.32 0.98 -1.19
2207 0.32 0.98 -1.19
2208 0.32 0.98 -1.19
2209 0.32 0.98 -1.19
2210 0.32 0.97 -1.20
2211 0.32 0.97 -1.20
2212 0.32 0.97 -1.20
2213 0.32 0.97 -1.21
2214 0.32 0.97 -1.21
2215 0.32 0.97 -1.21
2216 0.32 0.96 -1.21
2217 0.32 0.96 -1.22
2218 0.32 0.96 -1.22
2219 0.32 0.96 -1.22
2220 0.33 0.96 -1.22
2221 0.33 0.96 -1.23
2222 0.33 0.95 -1.23
2223 0.33 0.95 -1.23
2224 0.33 0.95 -1.24
2225 0.33 0.95 -1.24
2226 0.33 0.95 -1.24
2227 0.33 0.94 -1.24
2228 0.33 0.94 -1.25
2229 0.33 0.94 -1.25
2230 0.33 0.94 -1.25
2231 0.33 0.94 -1.25
2232 0.33 0.94 -1.26
2233 0.33 0.93 -1.26
2234 0.33 0.93 -1.26
2235 0.33 0.93 -1.27
2236 0.34 0.93 -1.27
2237 0.34 0.93 -1.27
2238 0.34 0.92 -1.27
2239 0.34 0.92 -1.28
2240 0.34 0.92 -1.28
2241 0.34 0.92 -1.28
2242 0.34 0.92 -1.28
2243 0.34 0.92 -1.28
2244 0.34 0.91 -1.29
2245 0.34 0.91 -1.29
2246 0.34 0.91 -1.29
2247 0.34 0.91 -1.29
2248 0.34 0.91 -1.29
2249 0.34 0.90 -1.30
2250 0.34 0.90 -1.30
2251 0.34 0.90 -1.30
2252 0.34 0.90 -1.30
2253 0.34 0.90 -1.30
2254 0.34 0.90 -1.31
2255 0.35 0.89 -1.31
2256 0.35 0.89 -1.31
2257 0.35 0.89 -1.31
2258 0.35 0.89 -1.31
2259 0.35 0.89 -1.32
2260 0.35 0.88 -1.32
2261 0.35 0.88 -1.32
2262 0.35 0.88 -1.32
2263 0.35 0.88 -1.32
2264 0.35 0.88 -1.33
2265 0.35 0.88 -1.33
2266 0.35 0.87 -1.33
2267 0.35 0.87 -1.33
2268 0.35 0.87 -1.33
2269 0.35 0.87 -1.34
2270 0.35 0.87 -1.34
2271 0.35 0.86 -1.34
2272 0.35 0.86 -1.34
2273 0.35 0.86 -1.34
2274 0.35 0.86 -1.35
2275 0.35 0.86 -1.35
2276 0.35 0.85 -1.35
2277 0.36 0.85 -1.35
2278 0.36 0.85 -1.35
2279 0.36 0.85 -1.35
2280 0.36 0.85 -1.36
2281 0.36 0.85 -1.36
2282 0.36 0.84 -1.36
2283 0.36 0.84 -1.36
2284 0.36 0.84 -1.36
2285 0.36 0.84 -1.37
2286 0.36 0.84 -1.37
2287 0.36 0.83 -1.37
2288 0.36 0.83 -1.37
2289 0.36 0.83 -1.37
2290 0.36 0.83 -1.38
2291 0.36 0.83 -1.38
2292 0.36 0.82 -1.38
2293 0.36 0.82 -1.38
2294 0.36 0.82 -1.38
2295 0.36 0.82 -1.38
2296 0.36 0.82 -1.38
2297 0.36 0.82 -1.38
2298 0.36 0.81 -1.39
2299 0.36 0.81 -1.39
2300 0.36 0.81 -1.39
2301 0.36 0.81 -1.39
2302 0.36 0.81 -1.39
2303 0.36 0.80 -1.39
2304 0.37 0.80 -1.39
2305 0.37 0.80 -1.39
2306 0.37 0.80 -1.40
2307 0.37 0.80 -1.40
2308 0.37 0.80 -1.40
2309 0.37 0.79 -1.40
2310 0.37 0.79 -1.40
2311 0.37 0.79 -1.40
2312 0.37 0.79 -1.40
2313 0.37 0.79 -1.40
2314 0.37 0.78 -1.40
2315 0.37 0.78 -1.41
2316 0.37 0.78 -1.41
2317 0.37 0.78 -1.41
2318 0.37 0.78 -1.41
2319 0.37 0.77 -1.41
2320 0.37 0.77 -1.41
2321 0.37 0.77 -1.41
2322 0.37 0.77 -1.41
2323 0.37 0.77 -1.42
2324 0.37 0.77 -1.42
2325 0.37 0.76 -1.42
2326 0.37 0.76 -1.42
2327 0.37 0.76 -1.42
2328 0.37 0.76 -1.42
2329 0.37 0.76 -1.42
2330 0.37 0.75 -1.42
2331 0.37 0.75 -1.42
2332 0.37 0.75 -1.43
2333 0.37 0.75 -1.43
2334 0.37 0.75 -1.43
2335 0.37 0.74 -1.43
2336 0.37 0.74 -1.43
2337 0.37 0.74 -1.43
2338 0.38 0.74 -1.43
2339 0.38 0.74 -1.43
2340 0.38 0.73 -1.43
2341 0.38 0.73 -1.44
2342 0.38 0.73 -1.44
2343 0.38 0.73 -1.44
2344 0.38 0.73 -1.44
2345 0.38 0.73 -1.44
2346 0.38 0.72 -1.44
2347 0.38 0.72 -1.44
2348 0.38 0.72 -1.44
2349 0.38 0.72 -1.45
2350 0.38 0.72 -1.45
2351 0.38 0.71 -1.45
2352 0.38 0.71 -1.45
2353 0.38 0.71 -1.45
2354 0.38 0.71 -1.45
2355 0.38 0.71 -1.45
2356 0.38 0.70 -1.45
2357 0.38 0.70 -1.45
2358 0.38 0.70 -1.46
2359 0.38 0.70 -1.46
2360 0.38 0.70 -1.46
2361 0.38 0.70 -1.46
2362 0.38 0.69 -1.46
2363 0.38 0.69 -1.46
2364 0.38 0.69 -1.46
2365 0.38 0.69 -1.46
2366 0.38 0.69 -1.47
2367 0.38 0.68 -1.47
2368 0.38 0.68 -1.47
2369 0.38 0.68 -1.47
2370 0.38 0.68 -1.47
2371 0.38 0.68 -1.47
2372 0.38 0.67 -1.47
2373 0.38 0.67 -1.47
2374 0.38 0.67 -1.47
2375 0.38 0.67 -1.47
2376 0.38 0.67 -1.47
2377 0.38 0.67 -1.47
2378 0.38 0.66 -1.48
2379 0.38 0.66 -1.48
2380 0.38 0.66 -1.48
2381 0.38 0.66 -1.48
2382 0.38 0.66 -1.48
2383 0.38 0.65 -1.48
2384 0.38 0.65 -1.48
2385 0.39 0.65 -1.48
2386 0.39 0.65 -1.48
2387 0.39 0.65 -1.48
2388 0.39 0.64 -1.48
2389 0.39 0.64 -1.48
2390 0.39 0.64 -1.48
2391 0.39 0.64 -1.48
2392 0.39 0.64 -1.48
2393 0.39 0.63 -1.48
2394 0.39 0.63 -1.48
2395 0.39 0.63 -1.48
2396 0.39 0.63 -1.48
2397 0.39 0.63 -1.48
2398 0.39 0.63 -1.48
2399 0.39 0.62 -1.48
2400 0.39 0.62 -1.48
2401 0.39 0.62 -1.48
2402 0.39 0.62 -1.48
2403 0.39 0.62 -1.49
2404 0.39 0.61 -1.49
2405 0.39 0.61 -1.49
2406 0.39 0.61 -1.49
2407 0.39 0.61 -1.49
2408 0.39 0.61 -1.49
2409 0.39 0.60 -1.49
2410 0.39 0.60 -1.49
2411 0.39 0.60 -1.49
2412 0.39 0.60 -1.49
2413 0.39 0.60 -1.49
2414 0.39 0.60 -1.49
2415 0.39 0.59 -1.49
2416 0.39 0.59 -1.49
2417 0.39 0.59 -1.49
2418 0.39 0.59 -1.49
2419 0.39 0.59 -1.49
2420 0.39 0.59 -1.49
2421 0.39 0.59 -1.50
2422 0.39 0.59 -1.50
2423 0.39 0.58 -1.50
2424 0.39 0.58 -1.50
2425 0.39 0.58 -1.50
2426 0.39 0.58 -1.50
2427 0.39 0.58 -1.50
2428 0.39 0.58 -1.50
2429 0.39 0.58 -1.50
2430 0.39 0.58 -1.50
2431 0.39 0.58 -1.50
2432 0.39 0.58 -1.50
2433 0.39 0.58 -1.50
2434 0.39 0.58 -1.50
2435 0.39 0.57 -1.50
2436 0.39 0.57 -1.50
2437 0.39 0.57 -1.50
2438 0.39 0.57 -1.51
2439 0.39 0.57 -1.51
2440 0.39 0.57 -1.51
2441 0.39 0.57 -1.51
2442 0.39 0.57 -1.51
2443 0.39 0.57 -1.51
2444 0.39 0.57 -1.51
