0 0.000000 0.000000 0.000000
2 0.000000 0.000000 0.000000
4 0.003995 0.000003 0.000788
6 0.011986 0.000009 0.000788
8 0.019977 0.000016 0.000788
10 0.027968 0.000022 0.000788
12 0.035959 0.000028 0.000788
14 0.043950 0.000035 0.000788
16 0.051941 0.000041 0.000788
18 0.059932 0.000047 0.000788
20 0.067974 0.000052 0.000394
22 0.075965 0.000055 0.000394
24 0.083956 0.000058 0.000394
26 0.091946 0.000061 0.000394
28 0.099989 0.000068 0.000788
30 0.107979 0.000074 0.000788
32 0.115970 0.000080 0.000788
34 0.123961 0.000087 0.000788
36 0.131952 0.000093 0.000788
38 0.139943 0.000099 0.000788
40 0.147934 0.000106 0.000788
42 0.155925 0.000112 0.000788
44 0.163967 0.000115 0.000394
46 0.171958 0.000118 0.000394
48 0.179949 0.000121 0.000394
50 0.187991 0.000126 0.000788
52 0.195982 0.000132 0.000788
54 0.203973 0.000139 0.000788
56 0.211963 0.000145 0.000788
58 0.219954 0.000151 0.000788
60 0.227945 0.000158 0.000788
62 0.235936 0.000164 0.000788
64 0.243927 0.000170 0.000788
66 0.251969 0.000175 0.000394
68 0.259960 0.000178 0.000394
70 0.267951 0.000181 0.000394
72 0.275942 0.000184 0.000394
74 0.283984 0.000191 0.000788
76 0.291975 0.000197 0.000788
78 0.299966 0.000203 0.000788
80 0.307957 0.000210 0.000788
82 0.315948 0.000216 0.000788
84 0.323938 0.000222 0.000788
86 0.331929 0.000228 0.000788
88 0.339920 0.000235 0.000788
90 0.347962 0.000238 0.000394
92 0.355953 0.000241 0.000394
94 0.363944 0.000244 0.000394
96 0.371986 0.000249 0.000788
98 0.379977 0.000255 0.000788
100 0.387968 0.000262 0.000788
102 0.395959 0.000268 0.000788
104 0.403950 0.000274 0.000788
106 0.411941 0.000280 0.000788
108 0.419932 0.000287 0.000788
110 0.427922 0.000293 0.000788
112 0.435965 0.000298 0.000394
114 0.443955 0.000301 0.000394
116 0.451946 0.000304 0.000394
118 0.459937 0.000307 0.000394
120 0.467979 0.000314 0.000788
122 0.475970 0.000320 0.000788
124 0.483961 0.000326 0.000788
126 0.491952 0.000332 0.000788
128 0.499943 0.000339 0.000788
130 0.507934 0.000345 0.000788
132 0.515925 0.000351 0.000788
134 0.523916 0.000358 0.000788
136 0.531958 0.000361 0.000394
138 0.539949 0.000364 0.000394
140 0.547939 0.000367 0.000394
142 0.555982 0.000372 0.000788
144 0.563972 0.000378 0.000788
146 0.571963 0.000384 0.000788
148 0.579954 0.000391 0.000788
150 0.587945 0.000397 0.000788
152 0.595936 0.000403 0.000788
154 0.603927 0.000410 0.000788
156 0.611918 0.000416 0.000788
158 0.619960 0.000421 0.000394
160 0.627951 0.000424 0.000394
162 0.635942 0.000427 0.000394
164 0.643933 0.000430 0.000394
166 0.651975 0.000437 0.000788
168 0.659966 0.000443 0.000788
170 0.667956 0.000449 0.000788
172 0.675947 0.000455 0.000788
174 0.683938 0.000462 0.000788
176 0.691929 0.000468 0.000788
178 0.699920 0.000474 0.000788
180 0.707911 0.000481 0.000788
182 0.715953 0.000484 0.000394
184 0.723944 0.000487 0.000394
186 0.731935 0.000490 0.000394
188 0.739977 0.000495 0.000788
190 0.747968 0.000501 0.000788
192 0.755959 0.000507 0.000788
194 0.763950 0.000514 0.000788
196 0.771940 0.000520 0.000788
198 0.779931 0.000526 0.000788
200 0.787922 0.000533 0.000788
202 0.795913 0.000539 0.000788
204 0.803955 0.000544 0.000394
206 0.811946 0.000547 0.000394
208 0.819937 0.000550 0.000394
210 0.827928 0.000553 0.000394
212 0.835970 0.000559 0.000788
214 0.843961 0.000566 0.000788
216 0.851952 0.000572 0.000788
218 0.859943 0.000578 0.000788
220 0.867934 0.000585 0.000788
222 0.875925 0.000591 0.000788
224 0.883915 0.000597 0.000788
226 0.891906 0.000604 0.000788
228 0.899948 0.000607 0.000394
230 0.907939 0.000610 0.000394
232 0.915930 0.000613 0.000394
234 0.923972 0.000618 0.000788
236 0.931963 0.000624 0.000788
238 0.939954 0.000630 0.000788
240 0.947945 0.000637 0.000788
242 0.955936 0.000643 0.000788
244 0.963927 0.000649 0.000788
246 0.971918 0.000656 0.000788
248 0.979909 0.000662 0.000788
250 0.987951 0.000667 0.000394
252 0.995942 0.000670 0.000394
254 1.003932 0.000673 0.000394
256 1.011923 0.000676 0.000394
258 1.019965 0.000682 0.000788
260 1.027956 0.000689 0.000788
262 1.035947 0.000695 0.000788
264 1.043938 0.000701 0.000788
266 1.051929 0.000708 0.000788
268 1.059920 0.000714 0.000788
270 1.067911 0.000720 0.000788
272 1.075902 0.000726 0.000788
274 1.083944 0.000730 0.000394
276 1.091935 0.000733 0.000394
278 1.099926 0.000736 0.000394
280 1.107968 0.000741 0.000788
282 1.115959 0.000747 0.000788
284 1.123949 0.000753 0.000788
286 1.131940 0.000760 0.000788
288 1.139931 0.000766 0.000788
290 1.147922 0.000772 0.000788
292 1.155913 0.000778 0.000788
294 1.163904 0.000785 0.000788
296 1.171946 0.000789 0.000394
298 1.179937 0.000793 0.000394
300 1.187928 0.000796 0.000394
302 1.195919 0.000799 0.000394
304 1.203961 0.000805 0.000788
306 1.211952 0.000812 0.000788
308 1.219943 0.000818 0.000788
310 1.227933 0.000824 0.000788
312 1.235924 0.000830 0.000788
314 1.243915 0.000837 0.000788
316 1.251906 0.000843 0.000788
318 1.259897 0.000849 0.000788
320 1.267939 0.000853 0.000394
322 1.275930 0.000856 0.000394
324 1.283921 0.000859 0.000394
326 1.291963 0.000864 0.000788
328 1.299954 0.000870 0.000788
330 1.307945 0.000876 0.000788
332 1.315936 0.000882 0.000788
334 1.323927 0.000889 0.000788
336 1.331917 0.000895 0.000788
338 1.339908 0.000901 0.000788
340 1.347899 0.000908 0.000788
342 1.355941 0.000912 0.000394
344 1.363932 0.000916 0.000394
346 1.371923 0.000919 0.000394
348 1.379914 0.000922 0.000394
350 1.387956 0.000928 0.000788
352 1.395947 0.000934 0.000788
354 1.403938 0.000941 0.000788
356 1.411929 0.000947 0.000788
358 1.419920 0.000953 0.000788
360 1.427911 0.000960 0.000788
362 1.435902 0.000966 0.000788
364 1.443892 0.000972 0.000788
366 1.451935 0.000975 0.000394
368 1.459925 0.000979 0.000394
370 1.467916 0.000982 0.000394
372 1.475958 0.000986 0.000788
374 1.483949 0.000993 0.000788
376 1.491940 0.000999 0.000788
378 1.499931 0.001005 0.000788
380 1.507922 0.001012 0.000788
382 1.515913 0.001018 0.000788
384 1.523904 0.001024 0.000788
386 1.531895 0.001031 0.000788
388 1.539937 0.001035 0.000394
390 1.547928 0.001038 0.000394
392 1.555919 0.001042 0.000394
394 1.563909 0.001045 0.000394
396 1.571952 0.001051 0.000788
398 1.579942 0.001057 0.000788
400 1.587933 0.001064 0.000788
402 1.595924 0.001070 0.000788
404 1.603915 0.001076 0.000788
406 1.611906 0.001083 0.000788
408 1.619897 0.001089 0.000788
410 1.627888 0.001095 0.000788
412 1.635930 0.001098 0.000394
414 1.643921 0.001101 0.000394
416 1.651912 0.001105 0.000394
418 1.659954 0.001109 0.000788
420 1.667945 0.001116 0.000788
422 1.675936 0.001122 0.000788
424 1.683926 0.001128 0.000788
426 1.691917 0.001135 0.000788
428 1.699908 0.001141 0.000788
430 1.707899 0.001147 0.000788
432 1.715890 0.001153 0.000788
434 1.723932 0.001158 0.000394
436 1.731923 0.001161 0.000394
438 1.739914 0.001165 0.000394
440 1.747905 0.001168 0.000394
442 1.755947 0.001174 0.000788
444 1.763938 0.001180 0.000788
446 1.771929 0.001187 0.000788
448 1.779920 0.001193 0.000788
450 1.787910 0.001199 0.000788
452 1.795901 0.001206 0.000788
454 1.803892 0.001212 0.000788
456 1.811883 0.001218 0.000788
458 1.819925 0.001221 0.000394
460 1.827916 0.001224 0.000394
462 1.835907 0.001228 0.000394
464 1.843949 0.001232 0.000788
466 1.851940 0.001239 0.000788
468 1.859931 0.001245 0.000788
470 1.867922 0.001251 0.000788
472 1.875913 0.001258 0.000788
474 1.883904 0.001264 0.000788
476 1.891895 0.001270 0.000788
478 1.899885 0.001276 0.000788
480 1.907928 0.001281 0.000394
482 1.915918 0.001284 0.000394
484 1.923909 0.001287 0.000394
486 1.931900 0.001291 0.000394
488 1.939942 0.001297 0.000788
490 1.947933 0.001303 0.000788
492 1.955924 0.001310 0.000788
494 1.963915 0.001316 0.000788
496 1.971906 0.001322 0.000788
498 1.979897 0.001328 0.000788
500 1.987888 0.001335 0.000788
502 1.995879 0.001341 0.000788
504 2.003921 0.001344 0.000394
506 2.011912 0.001347 0.000394
508 2.011912 0.001347 0.000394
510 2.011963 0.001348 0.030734
512 2.011963 0.001348 0.061468
514 2.011963 0.001348 0.092203
516 2.011963 0.001348 0.123725
518 2.011963 0.001348 0.154459
520 2.011963 0.001348 0.185193
522 2.011963 0.001348 0.215927
524 2.011963 0.001348 0.246662
526 2.011963 0.001348 0.277396
528 2.011963 0.001348 0.308130
530 2.011963 0.001348 0.338864
532 2.011963 0.001348 0.369598
534 2.011963 0.001348 0.400333
536 2.011963 0.001348 0.431067
538 2.011963 0.001348 0.461801
540 2.011963 0.001348 0.492535
542 2.011963 0.001348 0.523269
544 2.011963 0.001348 0.554004
546 2.011963 0.001348 0.584738
548 2.011963 0.001348 0.615472
550 2.011963 0.001348 0.646206
552 2.011963 0.001348 0.676940
554 2.011963 0.001348 0.707675
556 2.011963 0.001348 0.738409
558 2.011963 0.001348 0.769143
560 2.011963 0.001348 0.799877
562 2.011963 0.001348 0.831400
564 2.011963 0.001348 0.862134
566 2.011963 0.001348 0.892868
568 2.011963 0.001348 0.923602
570 2.011963 0.001348 0.954336
572 2.011963 0.001348 0.985071
574 2.011963 0.001348 1.015805
576 2.011963 0.001348 1.046539
578 2.011963 0.001348 1.077273
580 2.011963 0.001348 1.108007
582 2.011963 0.001348 1.153715
584 2.011963 0.001348 1.185237
586 2.011963 0.001348 1.215971
588 2.011963 0.001348 1.246705
590 2.011963 0.001348 1.277439
592 2.011963 0.001348 1.308174
594 2.011963 0.001348 1.338908
596 2.011963 0.001348 1.369642
598 2.011963 0.001348 1.400376
600 2.011963 0.001348 1.431110
602 2.011963 0.001348 1.461845
604 2.011963 0.001348 1.492579
606 2.011963 0.001348 1.523313
608 2.011963 0.001348 1.554047
610 2.011963 0.001348 1.584781
612 2.011963 0.001348 1.584781
614 2.011849 0.009287 1.585176
616 2.011734 0.017277 1.585176
618 2.011619 0.025267 1.585176
620 2.011504 0.033257 1.585176
622 2.011387 0.041298 1.585570
624 2.011269 0.049288 1.585570
626 2.011151 0.057330 1.585176
628 2.011037 0.065320 1.585176
630 2.010922 0.073310 1.585176
632 2.010807 0.081300 1.585176
634 2.010692 0.089290 1.585176
636 2.010577 0.097280 1.585176
638 2.010462 0.105270 1.585176
640 2.010347 0.113260 1.585176
642 2.010232 0.121250 1.585176
644 2.010117 0.129240 1.585176
646 2.009999 0.137282 1.585570
648 2.009880 0.145272 1.585570
650 2.009765 0.153313 1.585176
652 2.009650 0.161303 1.585176
654 2.009535 0.169293 1.585176
656 2.009420 0.177283 1.585176
658 2.009305 0.185273 1.585176
660 2.009190 0.193263 1.585176
662 2.009075 0.201253 1.585176
664 2.008961 0.209243 1.585176
666 2.008846 0.217233 1.585176
668 2.008728 0.225275 1.585570
670 2.008610 0.233265 1.585570
672 2.008493 0.241306 1.585176
674 2.008378 0.249296 1.585176
676 2.008263 0.257286 1.585176
678 2.008148 0.265276 1.585176
680 2.008034 0.273266 1.585176
682 2.007919 0.281256 1.585176
684 2.007804 0.289246 1.585176
686 2.007689 0.297236 1.585176
688 2.007574 0.305226 1.585176
690 2.007459 0.313217 1.585176
692 2.007340 0.321258 1.585570
694 2.007222 0.329248 1.585570
696 2.007105 0.337289 1.585176
698 2.006990 0.345279 1.585176
700 2.006875 0.353269 1.585176
702 2.006760 0.361259 1.585176
704 2.006645 0.369249 1.585176
706 2.006531 0.377239 1.585176
708 2.006416 0.385229 1.585176
710 2.006301 0.393220 1.585176
712 2.006186 0.401210 1.585176
714 2.006069 0.409251 1.585570
716 2.005951 0.417241 1.585570
718 2.005832 0.425231 1.585570
720 2.005717 0.433272 1.585176
722 2.005602 0.441262 1.585176
724 2.005487 0.449252 1.585176
726 2.005372 0.457242 1.585176
728 2.005257 0.465232 1.585176
730 2.005142 0.473223 1.585176
732 2.005027 0.481213 1.585176
734 2.004913 0.489203 1.585176
736 2.004798 0.497193 1.585176
738 2.004679 0.505234 1.585570
740 2.004561 0.513224 1.585570
742 2.004444 0.521265 1.585176
744 2.004329 0.529255 1.585176
746 2.004214 0.537245 1.585176
748 2.004099 0.545235 1.585176
750 2.003984 0.553225 1.585176
752 2.003869 0.561216 1.585176
754 2.003754 0.569206 1.585176
756 2.003639 0.577196 1.585176
758 2.003524 0.585186 1.585176
760 2.003407 0.593227 1.585570
762 2.003289 0.601217 1.585570
764 2.003171 0.609207 1.585570
766 2.003055 0.617248 1.585176
768 2.002941 0.625238 1.585176
770 2.002826 0.633228 1.585176
772 2.002711 0.641219 1.585176
774 2.002596 0.649209 1.585176
776 2.002481 0.657199 1.585176
778 2.002366 0.665189 1.585176
780 2.002251 0.673179 1.585176
782 2.002136 0.681169 1.585176
784 2.002017 0.689210 1.585570
786 2.001899 0.697200 1.585570
788 2.001782 0.705241 1.585176
790 2.001667 0.713231 1.585176
792 2.001552 0.721222 1.585176
794 2.001438 0.729212 1.585176
796 2.001323 0.737202 1.585176
798 2.001208 0.745192 1.585176
800 2.001093 0.753182 1.585176
802 2.000978 0.761172 1.585176
804 2.000863 0.769162 1.585176
806 2.000746 0.777203 1.585570
808 2.000628 0.785193 1.585570
810 2.000510 0.793183 1.585570
812 2.000394 0.801225 1.585176
814 2.000279 0.809215 1.585176
816 2.000164 0.817205 1.585176
818 2.000049 0.825195 1.585176
820 1.999934 0.833185 1.585176
822 1.999820 0.841175 1.585176
824 1.999705 0.849165 1.585176
826 1.999590 0.857155 1.585176
828 1.999475 0.865145 1.585176
830 1.999356 0.873186 1.585570
832 1.999238 0.881176 1.585570
834 1.999121 0.889218 1.585176
836 1.999006 0.897208 1.585176
838 1.998891 0.905198 1.585176
840 1.998776 0.913188 1.585176
842 1.998661 0.921178 1.585176
844 1.998546 0.929168 1.585176
846 1.998431 0.937158 1.585176
848 1.998317 0.945148 1.585176
850 1.998202 0.953138 1.585176
852 1.998084 0.961179 1.585570
854 1.997966 0.969169 1.585570
856 1.997848 0.977159 1.585570
858 1.997733 0.985201 1.585176
860 1.997618 0.993191 1.585176
862 1.997503 1.001181 1.585176
864 1.997388 1.009171 1.585176
866 1.997273 1.017161 1.585176
868 1.997158 1.025151 1.585176
870 1.997043 1.033141 1.585176
872 1.996928 1.041131 1.585176
874 1.996813 1.049121 1.585176
876 1.996695 1.057162 1.585570
878 1.996577 1.065152 1.585570
880 1.996459 1.073194 1.585176
882 1.996345 1.081184 1.585176
884 1.996230 1.089174 1.585176
886 1.996115 1.097164 1.585176
888 1.996000 1.105154 1.585176
890 1.995885 1.113144 1.585176
892 1.995770 1.121134 1.585176
894 1.995655 1.129124 1.585176
896 1.995540 1.137114 1.585176
898 1.995423 1.145156 1.585570
900 1.995305 1.153146 1.585570
902 1.995187 1.161136 1.585570
904 1.995071 1.169177 1.585176
906 1.994956 1.177167 1.585176
908 1.994841 1.185157 1.585176
910 1.994727 1.193147 1.585176
912 1.994612 1.201137 1.585176
914 1.994497 1.209127 1.585176
916 1.994382 1.217117 1.585176
918 1.994267 1.225107 1.585176
920 1.994152 1.233097 1.585176
922 1.994033 1.241139 1.585570
924 1.993915 1.249129 1.585570
926 1.993798 1.257170 1.585176
928 1.993683 1.265160 1.585176
930 1.993568 1.273150 1.585176
932 1.993453 1.281140 1.585176
934 1.993338 1.289130 1.585176
936 1.993224 1.297120 1.585176
938 1.993109 1.305110 1.585176
940 1.992994 1.313100 1.585176
942 1.992879 1.321090 1.585176
944 1.992762 1.329132 1.585570
946 1.992644 1.337122 1.585570
948 1.992526 1.345112 1.585570
950 1.992410 1.353153 1.585176
952 1.992295 1.361143 1.585176
954 1.992180 1.369133 1.585176
956 1.992065 1.377123 1.585176
958 1.991950 1.385113 1.585176
960 1.991835 1.393103 1.585176
962 1.991720 1.401093 1.585176
964 1.991606 1.409083 1.585176
966 1.991491 1.417074 1.585176
968 1.991372 1.425115 1.585570
970 1.991254 1.433105 1.585570
972 1.991137 1.441146 1.585176
974 1.991022 1.449136 1.585176
976 1.990907 1.457126 1.585176
978 1.990792 1.465116 1.585176
980 1.990677 1.473106 1.585176
982 1.990562 1.481096 1.585176
984 1.990447 1.489086 1.585176
986 1.990332 1.497077 1.585176
988 1.990217 1.505067 1.585176
990 1.990103 1.513057 1.585176
992 1.989984 1.521098 1.585570
994 1.989866 1.529088 1.585570
996 1.989750 1.537129 1.585176
998 1.989635 1.545119 1.585176
1000 1.989520 1.553109 1.585176
1002 1.989405 1.561099 1.585176
1004 1.989290 1.569089 1.585176
1006 1.989176 1.577080 1.585176
1008 1.989061 1.585070 1.585176
1010 1.988946 1.593060 1.585176
1012 1.988831 1.601050 1.585176
1014 1.988714 1.609091 1.585570
1016 1.988596 1.617081 1.585570
1018 1.988478 1.625122 1.585176
1020 1.988363 1.633112 1.585176
1022 1.988249 1.641102 1.585176
1024 1.988134 1.649092 1.585176
1026 1.988019 1.657083 1.585176
1028 1.987904 1.665073 1.585176
1030 1.987789 1.673063 1.585176
1032 1.987674 1.681053 1.585176
1034 1.987559 1.689043 1.585176
1036 1.987444 1.697033 1.585176
1038 1.987325 1.705074 1.585570
1040 1.987207 1.713064 1.585570
1042 1.987092 1.721105 1.585176
1044 1.986977 1.729095 1.585176
1046 1.986862 1.737086 1.585176
1048 1.986747 1.745076 1.585176
1050 1.986632 1.753066 1.585176
1052 1.986517 1.761056 1.585176
1054 1.986402 1.769046 1.585176
1056 1.986288 1.777036 1.585176
1058 1.986173 1.785026 1.585176
1060 1.986055 1.793067 1.585570
1062 1.985937 1.801057 1.585570
1064 1.985820 1.809098 1.585176
1066 1.985705 1.817089 1.585176
1068 1.985590 1.825079 1.585176
1070 1.985475 1.833069 1.585176
1072 1.985361 1.841059 1.585176
1074 1.985246 1.849049 1.585176
1076 1.985131 1.857039 1.585176
1078 1.985016 1.865029 1.585176
1080 1.984901 1.873019 1.585176
1082 1.984786 1.881009 1.585176
1084 1.984667 1.889050 1.585570
1086 1.984549 1.897040 1.585570
1088 1.984434 1.905082 1.585176
1090 1.984319 1.913072 1.585176
1092 1.984204 1.921062 1.585176
1094 1.984089 1.929052 1.585176
1096 1.983974 1.937042 1.585176
1098 1.983859 1.945032 1.585176
1100 1.983744 1.953022 1.585176
1102 1.983629 1.961012 1.585176
1104 1.983514 1.969002 1.585176
1106 1.983397 1.977043 1.585570
1108 1.983279 1.985033 1.585570
1110 1.983162 1.993075 1.585176
1112 1.983047 2.001065 1.585176
1114 1.982932 2.009055 1.585176
1116 1.982875 2.013050 1.585176
1118 1.982875 2.013050 1.600149
1120 1.982875 2.013050 1.630883
1122 1.982872 2.013101 1.662011
1124 1.982872 2.013101 1.692745
1126 1.982872 2.013101 1.723479
1128 1.982872 2.013101 1.754214
1130 1.982871 2.013101 1.784948
1132 1.982870 2.013101 1.815682
1134 1.982869 2.013100 1.846416
1136 1.982869 2.013100 1.877150
1138 1.982868 2.013100 1.907885
1140 1.982867 2.013100 1.938619
1142 1.982866 2.013099 1.969353
1144 1.982866 2.013099 2.000087
1146 1.982866 2.013099 2.030821
1148 1.982866 2.013099 2.061556
1150 1.982866 2.013099 2.092290
1152 1.982892 2.013055 2.123418
1154 1.982893 2.013056 2.154152
1156 1.982894 2.013056 2.184886
1158 1.982894 2.013057 2.215621
1160 1.982895 2.013057 2.246355
1162 1.982896 2.013058 2.277089
1164 1.982896 2.013058 2.307823
1166 1.982897 2.013059 2.338557
1168 1.982861 2.013095 2.369686
1170 1.982861 2.013095 2.400420
1172 1.982861 2.013095 2.431154
1174 1.982861 2.013095 2.461888
1176 1.982860 2.013095 2.492623
1178 1.982860 2.013094 2.523357
1180 1.982859 2.013093 2.554091
1182 1.982859 2.013093 2.584825
1184 1.982858 2.013092 2.615559
1186 1.982858 2.013091 2.646294
1188 1.982858 2.013090 2.677028
1190 1.982857 2.013090 2.707762
1192 1.982857 2.013090 2.738496
1194 1.982857 2.013090 2.769230
1196 1.982857 2.013090 2.799965
1198 1.982906 2.013074 2.831093
1200 1.982906 2.013075 2.861827
1202 1.982907 2.013076 2.892561
1204 1.982907 2.013076 2.923295
1206 1.982907 2.013077 2.954030
1208 1.982907 2.013078 2.984764
1210 1.982907 2.013079 3.015498
1212 1.982907 2.013080 3.046232
1214 1.982856 2.013084 3.077360
1216 1.982856 2.013084 3.108095
1218 1.982856 2.013084 3.138829
1220 1.982856 2.013084 3.169563
1222 1.982856 2.013084 3.169563
1224 1.974920 2.012858 3.169957
1226 1.966932 2.012632 3.169957
1228 1.958944 2.012405 3.169957
1230 1.950957 2.012179 3.169957
1232 1.942969 2.011952 3.169957
1234 1.934930 2.011725 3.169563
1236 1.926942 2.011502 3.169563
1238 1.918955 2.011278 3.169563
1240 1.910967 2.011055 3.169563
1242 1.902928 2.010829 3.169957
1244 1.894940 2.010602 3.169957
1246 1.886952 2.010375 3.169957
1248 1.878965 2.010149 3.169957
1250 1.870977 2.009922 3.169957
1252 1.862989 2.009695 3.169957
1254 1.855002 2.009469 3.169957
1256 1.847014 2.009242 3.169957
1258 1.838975 2.009017 3.169563
1260 1.830987 2.008794 3.169563
1262 1.823000 2.008570 3.169563
1264 1.815012 2.008347 3.169563
1266 1.806973 2.008119 3.169957
1268 1.798985 2.007892 3.169957
1270 1.790998 2.007665 3.169957
1272 1.783010 2.007439 3.169957
1274 1.775022 2.007212 3.169957
1276 1.767035 2.006986 3.169957
1278 1.759047 2.006759 3.169957
1280 1.751008 2.006532 3.169563
1282 1.743020 2.006309 3.169563
1284 1.735032 2.006086 3.169563
1286 1.727045 2.005862 3.169563
1288 1.719006 2.005636 3.169957
1290 1.711018 2.005409 3.169957
1292 1.703030 2.005182 3.169957
1294 1.695043 2.004956 3.169957
1296 1.687055 2.004729 3.169957
1298 1.679067 2.004502 3.169957
1300 1.671080 2.004276 3.169957
1302 1.663092 2.004049 3.169957
1304 1.655053 2.003824 3.169563
1306 1.647065 2.003601 3.169563
1308 1.639077 2.003377 3.169563
1310 1.631090 2.003154 3.169563
1312 1.623051 2.002926 3.169957
1314 1.615063 2.002699 3.169957
1316 1.607075 2.002472 3.169957
1318 1.599088 2.002246 3.169957
1320 1.591100 2.002019 3.169957
1322 1.583112 2.001793 3.169957
1324 1.575125 2.001566 3.169957
1326 1.567086 2.001339 3.169563
1328 1.559098 2.001116 3.169563
1330 1.551110 2.000893 3.169563
1332 1.543123 2.000669 3.169563
1334 1.535084 2.000443 3.169957
1336 1.527096 2.000216 3.169957
1338 1.519108 1.999989 3.169957
1340 1.511121 1.999763 3.169957
1342 1.503133 1.999536 3.169957
1344 1.495145 1.999309 3.169957
1346 1.487158 1.999083 3.169957
1348 1.479170 1.998856 3.169957
1350 1.471131 1.998631 3.169563
1352 1.463143 1.998408 3.169563
1354 1.455155 1.998184 3.169563
1356 1.447168 1.997961 3.169563
1358 1.439129 1.997733 3.169957
1360 1.431141 1.997506 3.169957
1362 1.423153 1.997279 3.169957
1364 1.415166 1.997053 3.169957
1366 1.407178 1.996826 3.169957
1368 1.399190 1.996600 3.169957
1370 1.391203 1.996373 3.169957
1372 1.383164 1.996146 3.169563
1374 1.375176 1.995923 3.169563
1376 1.367188 1.995700 3.169563
1378 1.359200 1.995476 3.169563
1380 1.351161 1.995250 3.169957
1382 1.343174 1.995023 3.169957
1384 1.335186 1.994796 3.169957
1386 1.327198 1.994570 3.169957
1388 1.319211 1.994343 3.169957
1390 1.311223 1.994116 3.169957
1392 1.303235 1.993890 3.169957
1394 1.295248 1.993663 3.169957
1396 1.287209 1.993438 3.169563
1398 1.279221 1.993215 3.169563
1400 1.271233 1.992991 3.169563
1402 1.263245 1.992768 3.169563
1404 1.255207 1.992540 3.169957
1406 1.247219 1.992313 3.169957
1408 1.239231 1.992086 3.169957
1410 1.231244 1.991860 3.169957
1412 1.223256 1.991633 3.169957
1414 1.215268 1.991407 3.169957
1416 1.207281 1.991180 3.169957
1418 1.199242 1.990953 3.169563
1420 1.191254 1.990730 3.169563
1422 1.183266 1.990507 3.169563
1424 1.175278 1.990283 3.169563
1426 1.167239 1.990057 3.169957
1428 1.159252 1.989830 3.169957
1430 1.151264 1.989603 3.169957
1432 1.143276 1.989377 3.169957
1434 1.135289 1.989150 3.169957
1436 1.127301 1.988923 3.169957
1438 1.119313 1.988697 3.169957
1440 1.111326 1.988470 3.169957
1442 1.103287 1.988245 3.169563
1444 1.095299 1.988022 3.169563
1446 1.087311 1.987798 3.169563
1448 1.079323 1.987575 3.169563
1450 1.071284 1.987347 3.169957
1452 1.063297 1.987120 3.169957
1454 1.055309 1.986893 3.169957
1456 1.047321 1.986667 3.169957
1458 1.039334 1.986440 3.169957
1460 1.031346 1.986214 3.169957
1462 1.023358 1.985987 3.169957
1464 1.015319 1.985760 3.169563
1466 1.007332 1.985537 3.169563
1468 0.999344 1.985314 3.169563
1470 0.991356 1.985090 3.169563
1472 0.983317 1.984864 3.169957
1474 0.975330 1.984637 3.169957
1476 0.967342 1.984410 3.169957
1478 0.959354 1.984184 3.169957
1480 0.951367 1.983957 3.169957
1482 0.943379 1.983730 3.169957
1484 0.935391 1.983504 3.169957
1486 0.927404 1.983277 3.169957
1488 0.919365 1.983052 3.169563
1490 0.911377 1.982829 3.169563
1492 0.903389 1.982605 3.169563
1494 0.895401 1.982382 3.169563
1496 0.887362 1.982154 3.169957
1498 0.879375 1.981927 3.169957
1500 0.871387 1.981700 3.169957
1502 0.863399 1.981474 3.169957
1504 0.855412 1.981247 3.169957
1506 0.847424 1.981021 3.169957
1508 0.839436 1.980794 3.169957
1510 0.831397 1.980568 3.169563
1512 0.823410 1.980344 3.169563
1514 0.815422 1.980121 3.169563
1516 0.807434 1.979897 3.169563
1518 0.799395 1.979671 3.169957
1520 0.791407 1.979444 3.169957
1522 0.783420 1.979217 3.169957
1524 0.775432 1.978991 3.169957
1526 0.767444 1.978764 3.169957
1528 0.759457 1.978537 3.169957
1530 0.751469 1.978311 3.169957
1532 0.743481 1.978084 3.169957
1534 0.735442 1.977859 3.169563
1536 0.727455 1.977636 3.169563
1538 0.719467 1.977412 3.169563
1540 0.711479 1.977189 3.169563
1542 0.703440 1.976961 3.169957
1544 0.695453 1.976734 3.169957
1546 0.687465 1.976507 3.169957
1548 0.679477 1.976281 3.169957
1550 0.671490 1.976054 3.169957
1552 0.663502 1.975828 3.169957
1554 0.655514 1.975601 3.169957
1556 0.647475 1.975375 3.169563
1558 0.639487 1.975151 3.169563
1560 0.631500 1.974928 3.169563
1562 0.623512 1.974704 3.169563
1564 0.615473 1.974478 3.169957
1566 0.607485 1.974251 3.169957
1568 0.599498 1.974024 3.169957
1570 0.591510 1.973798 3.169957
1572 0.583522 1.973571 3.169957
1574 0.575535 1.973344 3.169957
1576 0.567547 1.973118 3.169957
1578 0.559559 1.972891 3.169957
1580 0.551520 1.972666 3.169563
1582 0.543533 1.972443 3.169563
1584 0.535545 1.972219 3.169563
1586 0.527557 1.971996 3.169563
1588 0.519518 1.971768 3.169957
1590 0.511530 1.971541 3.169957
1592 0.503543 1.971315 3.169957
1594 0.495555 1.971088 3.169957
1596 0.487567 1.970861 3.169957
1598 0.479580 1.970635 3.169957
1600 0.471592 1.970408 3.169957
1602 0.463553 1.970182 3.169563
1604 0.455565 1.969958 3.169563
1606 0.447578 1.969735 3.169563
1608 0.439590 1.969511 3.169563
1610 0.431551 1.969285 3.169957
1612 0.423563 1.969058 3.169957
1614 0.415576 1.968831 3.169957
1616 0.407588 1.968605 3.169957
1618 0.399600 1.968378 3.169957
1620 0.391613 1.968151 3.169957
1622 0.383625 1.967925 3.169957
1624 0.375637 1.967698 3.169957
1626 0.367598 1.967473 3.169563
1628 0.359610 1.967250 3.169563
1630 0.351623 1.967026 3.169563
1632 0.343635 1.966803 3.169563
1634 0.335596 1.966575 3.169957
1636 0.327608 1.966348 3.169957
1638 0.319621 1.966122 3.169957
1640 0.311633 1.965895 3.169957
1642 0.303645 1.965668 3.169957
1644 0.295658 1.965442 3.169957
1646 0.287670 1.965215 3.169957
1648 0.279631 1.964989 3.169563
1650 0.271643 1.964765 3.169563
1652 0.263655 1.964542 3.169563
1654 0.255668 1.964318 3.169563
1656 0.247629 1.964092 3.169957
1658 0.239641 1.963865 3.169957
1660 0.231653 1.963638 3.169957
1662 0.223666 1.963412 3.169957
1664 0.215678 1.963185 3.169957
1666 0.207690 1.962958 3.169957
1668 0.199703 1.962732 3.169957
1670 0.191715 1.962505 3.169957
1672 0.183676 1.962280 3.169563
1674 0.175688 1.962057 3.169563
1676 0.167701 1.961833 3.169563
1678 0.159713 1.961610 3.169563
1680 0.151674 1.961382 3.169957
1682 0.143686 1.961155 3.169957
1684 0.135699 1.960929 3.169957
1686 0.127711 1.960702 3.169957
1688 0.119723 1.960475 3.169957
1690 0.111735 1.960249 3.169957
1692 0.103748 1.960022 3.169957
1694 0.095709 1.959796 3.169563
1696 0.087721 1.959572 3.169563
1698 0.079733 1.959349 3.169563
1700 0.071746 1.959125 3.169563
1702 0.063707 1.958899 3.169957
1704 0.055719 1.958672 3.169957
1706 0.047731 1.958445 3.169957
1708 0.039744 1.958219 3.169957
1710 0.031756 1.957992 3.169957
1712 0.023768 1.957765 3.169957
1714 0.015781 1.957539 3.169957
1716 0.007793 1.957312 3.169957
1718 -0.000246 1.957087 3.169563
1720 -0.008234 1.956864 3.169563
1722 -0.016222 1.956640 3.169563
1724 -0.024209 1.956417 3.169563
1726 -0.028254 1.956302 3.169957
1728 -0.028254 1.956302 3.184930
1730 -0.028254 1.956303 3.215664
1732 -0.028255 1.956304 3.246398
1734 -0.028255 1.956304 3.277133
1736 -0.028255 1.956305 3.307867
1738 -0.028255 1.956306 3.338601
1740 -0.028255 1.956307 3.369335
1742 -0.028255 1.956308 3.400069
1744 -0.028255 1.956308 3.430804
1746 -0.028255 1.956308 3.461538
1748 -0.028255 1.956308 3.492272
1750 -0.028303 1.956289 3.523400
1752 -0.028303 1.956288 3.554135
1754 -0.028302 1.956288 3.584869
1756 -0.028302 1.956287 3.615603
1758 -0.028302 1.956286 3.646337
1760 -0.028301 1.956286 3.677071
1762 -0.028301 1.956285 3.707806
1764 -0.028300 1.956284 3.738540
1766 -0.028300 1.956284 3.769274
1768 -0.028259 1.956314 3.800402
1770 -0.028259 1.956314 3.831136
1772 -0.028259 1.956314 3.861871
1774 -0.028259 1.956315 3.892605
1776 -0.028260 1.956316 3.923339
1778 -0.028261 1.956316 3.954073
1780 -0.028261 1.956317 3.984807
1782 -0.028262 1.956317 4.015542
1784 -0.028262 1.956318 4.046276
1786 -0.028263 1.956318 4.077010
1788 -0.028264 1.956319 4.107744
1790 -0.028264 1.956319 4.138478
1792 -0.028264 1.956319 4.184974
1794 -0.028264 1.956319 4.215708
1796 -0.028265 1.956319 4.246442
1798 -0.028266 1.956320 4.277176
1800 -0.028266 1.956320 4.307910
1802 -0.028267 1.956320 4.338645
1804 -0.028268 1.956321 4.369379
1806 -0.028269 1.956321 4.400113
1808 -0.028269 1.956321 4.430847
1810 -0.028270 1.956321 4.461582
1812 -0.028271 1.956321 4.492316
1814 -0.028271 1.956321 4.523050
1816 -0.028271 1.956321 4.553784
1818 -0.028277 1.956271 4.584912
1820 -0.028277 1.956271 4.615647
1822 -0.028276 1.956270 4.646381
1824 -0.028275 1.956270 4.677115
1826 -0.028274 1.956270 4.707849
1828 -0.028274 1.956270 4.738583
1830 -0.028276 1.956322 4.753950
1832 -0.028110 1.952381 4.754344
1834 -0.027775 1.944397 4.754344
1836 -0.027440 1.936413 4.754344
1838 -0.027099 1.928378 4.754738
1840 -0.026761 1.920343 4.754344
1842 -0.026425 1.912359 4.754344
1844 -0.026090 1.904376 4.754344
1846 -0.025755 1.896392 4.754344
1848 -0.025420 1.888408 4.754344
1850 -0.025085 1.880424 4.754344
1852 -0.024750 1.872440 4.754344
1854 -0.024414 1.864456 4.754344
1856 -0.024079 1.856472 4.754344
1858 -0.023744 1.848489 4.754344
1860 -0.023405 1.840454 4.754738
1862 -0.023067 1.832470 4.754738
1864 -0.022730 1.824435 4.754344
1866 -0.022394 1.816451 4.754344
1868 -0.022059 1.808467 4.754344
1870 -0.021724 1.800483 4.754344
1872 -0.021389 1.792499 4.754344
1874 -0.021054 1.784516 4.754344
1876 -0.020719 1.776532 4.754344
1878 -0.020383 1.768548 4.754344
1880 -0.020048 1.760564 4.754344
1882 -0.019713 1.752580 4.754344
1884 -0.019373 1.744545 4.754738
1886 -0.019034 1.736510 4.754344
1888 -0.018699 1.728526 4.754344
1890 -0.018363 1.720542 4.754344
1892 -0.018028 1.712559 4.754344
1894 -0.017693 1.704575 4.754344
1896 -0.017358 1.696591 4.754344
1898 -0.017023 1.688607 4.754344
1900 -0.016688 1.680623 4.754344
1902 -0.016352 1.672639 4.754344
1904 -0.016017 1.664655 4.754344
1906 -0.015678 1.656620 4.754738
1908 -0.015340 1.648637 4.754738
1910 -0.015003 1.640602 4.754344
1912 -0.014668 1.632618 4.754344
1914 -0.014332 1.624634 4.754344
1916 -0.013997 1.616650 4.754344
1918 -0.013662 1.608666 4.754344
1920 -0.013327 1.600682 4.754344
1922 -0.012992 1.592699 4.754344
1924 -0.012657 1.584715 4.754344
1926 -0.012321 1.576731 4.754344
1928 -0.011986 1.568747 4.754344
1930 -0.011646 1.560712 4.754738
1932 -0.011307 1.552677 4.754344
1934 -0.010972 1.544693 4.754344
1936 -0.010637 1.536709 4.754344
1938 -0.010301 1.528726 4.754344
1940 -0.009966 1.520742 4.754344
1942 -0.009631 1.512758 4.754344
1944 -0.009296 1.504774 4.754344
1946 -0.008961 1.496790 4.754344
1948 -0.008626 1.488806 4.754344
1950 -0.008290 1.480822 4.754344
1952 -0.007952 1.472787 4.754738
1954 -0.007613 1.464804 4.754738
1956 -0.007276 1.456769 4.754344
1958 -0.006941 1.448785 4.754344
1960 -0.006606 1.440801 4.754344
1962 -0.006270 1.432817 4.754344
1964 -0.005935 1.424833 4.754344
1966 -0.005600 1.416849 4.754344
1968 -0.005265 1.408865 4.754344
1970 -0.004930 1.400882 4.754344
1972 -0.004595 1.392898 4.754344
1974 -0.004259 1.384914 4.754344
1976 -0.003919 1.376879 4.754738
1978 -0.003580 1.368844 4.754344
1980 -0.003245 1.360860 4.754344
1982 -0.002910 1.352876 4.754344
1984 -0.002575 1.344892 4.754344
1986 -0.002239 1.336909 4.754344
1988 -0.001904 1.328925 4.754344
1990 -0.001569 1.320941 4.754344
1992 -0.001234 1.312957 4.754344
1994 -0.000899 1.304973 4.754344
1996 -0.000564 1.296989 4.754344
1998 -0.000225 1.288954 4.754738
2000 0.000114 1.280971 4.754738
2002 0.000451 1.272936 4.754344
2004 0.000786 1.264952 4.754344
2006 0.001121 1.256968 4.754344
2008 0.001456 1.248984 4.754344
2010 0.001792 1.241000 4.754344
2012 0.002127 1.233016 4.754344
2014 0.002462 1.225032 4.754344
2016 0.002797 1.217048 4.754344
2018 0.003132 1.209065 4.754344
2020 0.003467 1.201081 4.754344
2022 0.003808 1.193046 4.754738
2024 0.004146 1.185062 4.754738
2026 0.004484 1.177027 4.754344
2028 0.004819 1.169043 4.754344
2030 0.005154 1.161059 4.754344
2032 0.005489 1.153076 4.754344
2034 0.005824 1.145092 4.754344
2036 0.006159 1.137108 4.754344
2038 0.006494 1.129124 4.754344
2040 0.006830 1.121140 4.754344
2042 0.007165 1.113156 4.754344
2044 0.007504 1.105121 4.754738
2046 0.007842 1.097138 4.754738
2048 0.008181 1.089103 4.754344
2050 0.008516 1.081119 4.754344
2052 0.008851 1.073135 4.754344
2054 0.009186 1.065151 4.754344
2056 0.009522 1.057167 4.754344
2058 0.009857 1.049183 4.754344
2060 0.010192 1.041199 4.754344
2062 0.010527 1.033216 4.754344
2064 0.010862 1.025232 4.754344
2066 0.011197 1.017248 4.754344
2068 0.011538 1.009213 4.754738
2070 0.011876 1.001229 4.754738
2072 0.012213 0.993194 4.754344
2074 0.012549 0.985210 4.754344
2076 0.012884 0.977226 4.754344
2078 0.013219 0.969243 4.754344
2080 0.013554 0.961259 4.754344
2082 0.013889 0.953275 4.754344
2084 0.014224 0.945291 4.754344
2086 0.014560 0.937307 4.754344
2088 0.014895 0.929323 4.754344
2090 0.015234 0.921288 4.754738
2092 0.015572 0.913305 4.754738
2094 0.015911 0.905270 4.754344
2096 0.016246 0.897286 4.754344
2098 0.016581 0.889302 4.754344
2100 0.016916 0.881318 4.754344
2102 0.017252 0.873334 4.754344
2104 0.017587 0.865350 4.754344
2106 0.017922 0.857366 4.754344
2108 0.018257 0.849383 4.754344
2110 0.018592 0.841399 4.754344
2112 0.018927 0.833415 4.754344
2114 0.019266 0.825380 4.754738
2116 0.019605 0.817396 4.754738
2118 0.019942 0.809361 4.754344
2120 0.020277 0.801377 4.754344
2122 0.020612 0.793393 4.754344
2124 0.020947 0.785410 4.754344
2126 0.021283 0.777426 4.754344
2128 0.021618 0.769442 4.754344
2130 0.021953 0.761458 4.754344
2132 0.022288 0.753474 4.754344
2134 0.022623 0.745490 4.754344
2136 0.022958 0.737506 4.754344
2138 0.023299 0.729471 4.754738
2140 0.023638 0.721436 4.754344
2142 0.023973 0.713453 4.754344
2144 0.024308 0.705469 4.754344
2146 0.024643 0.697485 4.754344
2148 0.024978 0.689501 4.754344
2150 0.025314 0.681517 4.754344
2152 0.025649 0.673533 4.754344
2154 0.025984 0.665549 4.754344
2156 0.026319 0.657566 4.754344
2158 0.026654 0.649582 4.754344
2160 0.026993 0.641547 4.754738
2162 0.027331 0.633563 4.754738
2164 0.027669 0.625528 4.754344
2166 0.028004 0.617544 4.754344
2168 0.028339 0.609560 4.754344
2170 0.028674 0.601576 4.754344
2172 0.029009 0.593593 4.754344
2174 0.029345 0.585609 4.754344
2176 0.029680 0.577625 4.754344
2178 0.030015 0.569641 4.754344
2180 0.030350 0.561657 4.754344
2182 0.030685 0.553673 4.754344
2184 0.031026 0.545638 4.754738
2186 0.031365 0.537603 4.754344
2188 0.031700 0.529620 4.754344
2190 0.032035 0.521636 4.754344
2192 0.032370 0.513652 4.754344
2194 0.032705 0.505668 4.754344
2196 0.033040 0.497684 4.754344
2198 0.033376 0.489700 4.754344
2200 0.033878 0.477724 4.754344
2202 0.034213 0.469741 4.754344
2204 0.034549 0.461757 4.754344
2206 0.034889 0.453722 4.754738
2208 0.035228 0.445687 4.754344
2210 0.035563 0.437703 4.754344
2212 0.035898 0.429719 4.754344
2214 0.036233 0.421735 4.754344
2216 0.036569 0.413751 4.754344
2218 0.036904 0.405768 4.754344
2220 0.037239 0.397784 4.754344
2222 0.037574 0.389800 4.754344
2224 0.037909 0.381816 4.754344
2226 0.038244 0.373832 4.754344
2228 0.038583 0.365797 4.754738
2230 0.038922 0.357813 4.754738
2232 0.039259 0.349778 4.754344
2234 0.039594 0.341794 4.754344
2236 0.039929 0.333811 4.754344
2238 0.040264 0.325827 4.754344
2240 0.040600 0.317843 4.754344
2242 0.040935 0.309859 4.754344
2244 0.041270 0.301875 4.754344
2246 0.041605 0.293891 4.754344
2248 0.041940 0.285907 4.754344
2250 0.042275 0.277924 4.754344
2252 0.042616 0.269889 4.754738
2254 0.042955 0.261854 4.754344
2256 0.043290 0.253870 4.754344
2258 0.043625 0.245886 4.754344
2260 0.043960 0.237902 4.754344
2262 0.044295 0.229918 4.754344
2264 0.044631 0.221934 4.754344
2266 0.044966 0.213951 4.754344
2268 0.045301 0.205967 4.754344
2270 0.045636 0.197983 4.754344
2272 0.045971 0.189999 4.754344
2274 0.046310 0.181964 4.754738
2276 0.046648 0.173980 4.754738
2278 0.046986 0.165945 4.754344
2280 0.047321 0.157961 4.754344
2282 0.047656 0.149978 4.754344
2284 0.047991 0.141994 4.754344
2286 0.048326 0.134010 4.754344
2288 0.048662 0.126026 4.754344
2290 0.048997 0.118042 4.754344
2292 0.049332 0.110058 4.754344
2294 0.049667 0.102074 4.754344
2296 0.050002 0.094091 4.754344
2298 0.050343 0.086056 4.754738
2300 0.050682 0.078021 4.754344
2302 0.051017 0.070037 4.754344
2304 0.051352 0.062053 4.754344
2306 0.051687 0.054069 4.754344
2308 0.052022 0.046085 4.754344
2310 0.052357 0.038101 4.754344
2312 0.052693 0.030117 4.754344
2314 0.053028 0.022134 4.754344
2316 0.053363 0.014150 4.754344
2318 0.053698 0.006166 4.754344
2320 0.054037 -0.001869 4.754738
2322 0.054375 -0.009853 4.754738
2324 0.054713 -0.017888 4.754344
2326 0.055048 -0.025872 4.754344
2328 0.055383 -0.033856 4.754344
2330 0.055718 -0.041839 4.754344
2332 0.056053 -0.049823 4.754344
2334 0.056221 -0.053815 4.754344
2336 0.056224 -0.053866 4.769712
2338 0.056224 -0.053866 4.800446
2340 0.056224 -0.053866 4.831180
2342 0.056224 -0.053866 4.861914
2344 0.056224 -0.053866 4.892648
2346 0.056224 -0.053866 4.923383
2348 0.056224 -0.053866 4.954117
2350 0.056224 -0.053866 4.984851
2352 0.056224 -0.053866 5.015585
2354 0.056224 -0.053866 5.046319
2356 0.056223 -0.053867 5.077054
2358 0.056223 -0.053867 5.107788
2360 0.056223 -0.053867 5.138522
2362 0.056223 -0.053867 5.169256
2364 0.056223 -0.053867 5.199990
2366 0.056223 -0.053867 5.230725
2368 0.056223 -0.053867 5.261459
2370 0.056223 -0.053867 5.292193
2372 0.056223 -0.053867 5.322927
2374 0.056223 -0.053867 5.353661
2376 0.056223 -0.053867 5.384396
2378 0.056256 -0.053906 5.415524
2380 0.056222 -0.053867 5.446652
2382 0.056222 -0.053867 5.477386
2384 0.056222 -0.053867 5.508120
2386 0.056222 -0.053867 5.538855
2388 0.056222 -0.053867 5.569589
2390 0.056222 -0.053867 5.600323
2392 0.056222 -0.053867 5.631057
2394 0.056222 -0.053867 5.661791
2396 0.056222 -0.053867 5.692526
2398 0.056222 -0.053867 5.723260
2400 0.056222 -0.053867 5.753994
2402 0.056222 -0.053868 5.784728
2404 0.056222 -0.053868 5.815462
2406 0.056222 -0.053868 5.846197
2408 0.056222 -0.053868 5.876931
2410 0.056222 -0.053868 5.907665
2412 0.056222 -0.053868 5.938399
2414 0.056222 -0.053868 5.969133
2416 0.056222 -0.053868 5.999868
2418 0.056222 -0.053868 6.030602
2420 0.056222 -0.053868 6.061336
2422 0.056222 -0.053868 6.092070
2424 0.056273 -0.053876 6.123198
2426 0.056222 -0.053869 6.154327
2428 0.056222 -0.053869 6.185061
2430 0.056222 -0.053869 6.215795
2432 0.056222 -0.053869 6.246529
2434 0.056222 -0.053869 6.277264
2436 0.056222 -0.053869 6.307998
