0 0.000000 0.000000 0.000000
2 0.000000 0.000000 0.000000
4 0.002049 0.000000 0.000000
6 0.006044 0.000000 0.000000
8 0.010040 0.000000 0.000000
10 0.014035 0.000000 0.000000
12 0.018031 0.000000 0.000000
14 0.022026 0.000000 0.000000
16 0.026022 0.000001 0.000000
18 0.030017 0.000002 0.000000
20 0.034013 0.000002 0.000000
22 0.038008 0.000003 0.000000
24 0.042003 0.000004 0.000000
26 0.045999 0.000004 0.000000
28 0.049994 0.000004 0.000000
30 0.053990 0.000004 0.000000
32 0.057985 0.000004 0.000000
34 0.061981 0.000004 0.000000
36 0.065976 0.000004 0.000000
38 0.070023 0.000005 0.000394
40 0.074018 0.000006 0.000394
42 0.078014 0.000006 0.000394
44 0.082009 0.000007 0.000394
46 0.086005 0.000008 0.000394
48 0.090051 0.000008 0.000000
50 0.094047 0.000008 0.000000
52 0.098042 0.000008 0.000000
54 0.102038 0.000008 0.000000
56 0.106033 0.000008 0.000000
58 0.110028 0.000008 0.000000
60 0.114024 0.000008 0.000000
62 0.120017 0.000009 0.000394
64 0.124012 0.000009 0.000394
66 0.128008 0.000010 0.000394
68 0.132003 0.000011 0.000394
70 0.136050 0.000011 0.000000
72 0.140046 0.000011 0.000000
74 0.144041 0.000011 0.000000
76 0.148036 0.000011 0.000000
78 0.152032 0.000011 0.000000
80 0.156027 0.000011 0.000000
82 0.160023 0.000011 0.000000
84 0.164018 0.000011 0.000000
86 0.168014 0.000012 0.000000
88 0.172009 0.000013 0.000000
90 0.176005 0.000013 0.000000
92 0.180000 0.000014 0.000000
94 0.183995 0.000014 0.000000
96 0.187991 0.000014 0.000000
98 0.191986 0.000014 0.000000
100 0.195982 0.000014 0.000000
102 0.199977 0.000014 0.000000
104 0.203973 0.000014 0.000000
106 0.207968 0.000014 0.000000
108 0.212015 0.000015 0.000394
110 0.216010 0.000016 0.000394
112 0.220006 0.000017 0.000394
114 0.224001 0.000017 0.000394
116 0.228048 0.000017 0.000000
118 0.232043 0.000017 0.000000
120 0.236039 0.000017 0.000000
122 0.240034 0.000017 0.000000
124 0.244030 0.000017 0.000000
126 0.248025 0.000017 0.000000
128 0.252020 0.000017 0.000000
130 0.256016 0.000017 0.000000
132 0.260011 0.000018 0.000000
134 0.264007 0.000019 0.000000
136 0.268002 0.000020 0.000000
138 0.271998 0.000020 0.000000
140 0.275993 0.000020 0.000000
142 0.279989 0.000020 0.000000
144 0.283984 0.000020 0.000000
146 0.287979 0.000020 0.000000
148 0.291975 0.000020 0.000000
150 0.295970 0.000020 0.000000
152 0.299966 0.000020 0.000000
154 0.304012 0.000021 0.000394
156 0.308008 0.000022 0.000394
158 0.312003 0.000023 0.000394
160 0.315999 0.000024 0.000394
162 0.320045 0.000024 0.000000
164 0.324041 0.000024 0.000000
166 0.328036 0.000024 0.000000
168 0.332032 0.000024 0.000000
170 0.336027 0.000024 0.000000
172 0.340023 0.000024 0.000000
174 0.344018 0.000024 0.000000
176 0.348014 0.000024 0.000000
178 0.352009 0.000024 0.000000
180 0.356004 0.000025 0.000000
182 0.360000 0.000026 0.000000
184 0.363995 0.000027 0.000000
186 0.367991 0.000027 0.000000
188 0.371986 0.000027 0.000000
190 0.375982 0.000027 0.000000
192 0.379977 0.000027 0.000000
194 0.383973 0.000027 0.000000
196 0.387968 0.000027 0.000000
198 0.391964 0.000027 0.000000
200 0.396010 0.000028 0.000394
202 0.400006 0.000028 0.000394
204 0.404001 0.000029 0.000394
206 0.407997 0.000030 0.000394
208 0.412043 0.000030 0.000000
210 0.416039 0.000030 0.000000
212 0.420034 0.000030 0.000000
214 0.424030 0.000030 0.000000
216 0.428025 0.000030 0.000000
218 0.432020 0.000030 0.000000
220 0.436016 0.000030 0.000000
222 0.440011 0.000030 0.000000
224 0.444007 0.000031 0.000000
226 0.448002 0.000031 0.000000
228 0.451998 0.000032 0.000000
230 0.455993 0.000033 0.000000
232 0.459989 0.000033 0.000000
234 0.463984 0.000033 0.000000
236 0.467979 0.000033 0.000000
238 0.471975 0.000033 0.000000
240 0.475970 0.000033 0.000000
242 0.479966 0.000033 0.000000
244 0.483961 0.000033 0.000000
246 0.488008 0.000034 0.000394
248 0.492003 0.000035 0.000394
250 0.495999 0.000035 0.000394
252 0.499994 0.000036 0.000394
254 0.504041 0.000036 0.000000
256 0.508036 0.000036 0.000000
258 0.512032 0.000036 0.000000
260 0.516027 0.000036 0.000000
262 0.520023 0.000036 0.000000
264 0.524018 0.000036 0.000000
266 0.528014 0.000036 0.000000
268 0.532009 0.000036 0.000000
270 0.536004 0.000037 0.000000
272 0.540000 0.000038 0.000000
274 0.543995 0.000039 0.000000
276 0.547991 0.000039 0.000000
278 0.551986 0.000039 0.000000
280 0.555982 0.000039 0.000000
282 0.559977 0.000039 0.000000
284 0.563973 0.000039 0.000000
286 0.567968 0.000039 0.000000
288 0.571963 0.000039 0.000000
290 0.575959 0.000039 0.000000
292 0.580006 0.000040 0.000394
294 0.584001 0.000041 0.000394
296 0.587996 0.000042 0.000394
298 0.591992 0.000043 0.000394
300 0.596039 0.000043 0.000000
302 0.600034 0.000043 0.000000
304 0.604029 0.000043 0.000000
306 0.608025 0.000043 0.000000
308 0.612020 0.000043 0.000000
310 0.616016 0.000043 0.000000
312 0.620011 0.000043 0.000000
314 0.624007 0.000043 0.000000
316 0.628002 0.000043 0.000000
318 0.631998 0.000044 0.000000
320 0.635993 0.000045 0.000000
322 0.639989 0.000046 0.000000
324 0.643984 0.000046 0.000000
326 0.647979 0.000046 0.000000
328 0.651975 0.000046 0.000000
330 0.655970 0.000046 0.000000
332 0.659966 0.000046 0.000000
334 0.663961 0.000046 0.000000
336 0.667957 0.000046 0.000000
338 0.672003 0.000046 0.000394
340 0.675999 0.000047 0.000394
342 0.679994 0.000048 0.000394
344 0.683990 0.000049 0.000394
346 0.688036 0.000049 0.000000
348 0.692032 0.000049 0.000000
350 0.696027 0.000049 0.000000
352 0.700023 0.000049 0.000000
354 0.704018 0.000049 0.000000
356 0.708014 0.000049 0.000000
358 0.712009 0.000049 0.000000
360 0.716004 0.000049 0.000000
362 0.720000 0.000050 0.000000
364 0.723995 0.000050 0.000000
366 0.727991 0.000051 0.000000
368 0.731986 0.000052 0.000000
370 0.735982 0.000052 0.000000
372 0.739977 0.000052 0.000000
374 0.743973 0.000052 0.000000
376 0.747968 0.000052 0.000000
378 0.751963 0.000052 0.000000
380 0.755959 0.000052 0.000000
382 0.759954 0.000052 0.000000
384 0.764001 0.000053 0.000394
386 0.767996 0.000054 0.000394
388 0.771992 0.000054 0.000394
390 0.775987 0.000055 0.000394
392 0.780034 0.000055 0.000000
394 0.784029 0.000055 0.000000
396 0.788025 0.000055 0.000000
398 0.792020 0.000055 0.000000
400 0.796016 0.000055 0.000000
402 0.800011 0.000055 0.000000
404 0.804007 0.000055 0.000000
406 0.808002 0.000055 0.000000
408 0.811998 0.000056 0.000000
410 0.815993 0.000057 0.000000
412 0.819988 0.000057 0.000000
414 0.823984 0.000058 0.000000
416 0.827979 0.000058 0.000000
418 0.831975 0.000058 0.000000
420 0.835970 0.000058 0.000000
422 0.839966 0.000058 0.000000
424 0.843961 0.000058 0.000000
426 0.847957 0.000058 0.000000
428 0.851952 0.000058 0.000000
430 0.855999 0.000059 0.000394
432 0.859994 0.000060 0.000394
434 0.863990 0.000061 0.000394
436 0.867985 0.000061 0.000394
438 0.872032 0.000061 0.000000
440 0.876027 0.000061 0.000000
442 0.880023 0.000061 0.000000
444 0.884018 0.000061 0.000000
446 0.888014 0.000061 0.000000
448 0.892009 0.000061 0.000000
450 0.896004 0.000061 0.000000
452 0.900000 0.000061 0.000000
454 0.903995 0.000062 0.000000
456 0.907991 0.000063 0.000000
458 0.911986 0.000064 0.000000
460 0.915982 0.000065 0.000000
462 0.919977 0.000065 0.000000
464 0.923973 0.000065 0.000000
466 0.927968 0.000065 0.000000
468 0.931963 0.000065 0.000000
470 0.935959 0.000065 0.000000
472 0.939954 0.000065 0.000000
474 0.943950 0.000065 0.000000
476 0.947996 0.000065 0.000394
478 0.951992 0.000066 0.000394
480 0.955987 0.000067 0.000394
482 0.959983 0.000068 0.000394
484 0.964029 0.000068 0.000000
486 0.968025 0.000068 0.000000
488 0.972020 0.000068 0.000000
490 0.976016 0.000068 0.000000
492 0.980011 0.000068 0.000000
494 0.984007 0.000068 0.000000
496 0.988002 0.000068 0.000000
498 0.991998 0.000068 0.000000
500 0.995993 0.000068 0.000000
502 0.999988 0.000069 0.000000
504 1.003984 0.000070 0.000000
506 1.007979 0.000071 0.000000
508 1.011975 0.000071 0.000000
510 1.015970 0.000071 0.000000
512 1.019966 0.000071 0.000000
514 1.023961 0.000071 0.000000
516 1.027957 0.000071 0.000000
518 1.031952 0.000071 0.000000
520 1.035947 0.000071 0.000000
522 1.039994 0.000072 0.000394
524 1.043990 0.000072 0.000394
526 1.047985 0.000073 0.000394
528 1.051980 0.000074 0.000394
530 1.056027 0.000074 0.000000
532 1.060023 0.000074 0.000000
534 1.064018 0.000074 0.000000
536 1.068013 0.000074 0.000000
538 1.072009 0.000074 0.000000
540 1.076004 0.000074 0.000000
542 1.080000 0.000074 0.000000
544 1.083995 0.000074 0.000000
546 1.087991 0.000075 0.000000
548 1.091986 0.000076 0.000000
550 1.095982 0.000076 0.000000
552 1.099977 0.000077 0.000000
554 1.103972 0.000077 0.000000
556 1.107968 0.000077 0.000000
558 1.111963 0.000077 0.000000
560 1.115959 0.000077 0.000000
562 1.119954 0.000077 0.000000
564 1.123950 0.000077 0.000000
566 1.127945 0.000077 0.000000
568 1.131992 0.000078 0.000394
570 1.135987 0.000079 0.000394
572 1.139983 0.000080 0.000394
574 1.143978 0.000080 0.000394
576 1.148025 0.000080 0.000000
578 1.152020 0.000080 0.000000
580 1.156016 0.000080 0.000000
582 1.160011 0.000080 0.000000
584 1.164007 0.000080 0.000000
586 1.168002 0.000080 0.000000
588 1.171998 0.000080 0.000000
590 1.175993 0.000080 0.000000
592 1.179988 0.000081 0.000000
594 1.183984 0.000082 0.000000
596 1.187979 0.000083 0.000000
598 1.191975 0.000083 0.000000
600 1.195970 0.000083 0.000000
602 1.199966 0.000083 0.000000
604 1.203961 0.000083 0.000000
606 1.207957 0.000083 0.000000
608 1.211952 0.000083 0.000000
610 1.215947 0.000083 0.000000
612 1.219943 0.000083 0.000000
614 1.223990 0.000084 0.000394
616 1.227985 0.000085 0.000394
618 1.231980 0.000086 0.000394
620 1.235976 0.000087 0.000394
622 1.240023 0.000087 0.000000
624 1.244018 0.000087 0.000000
626 1.248013 0.000087 0.000000
628 1.252009 0.000087 0.000000
630 1.256004 0.000087 0.000000
632 1.260000 0.000087 0.000000
634 1.263995 0.000087 0.000000
636 1.267991 0.000087 0.000000
638 1.271986 0.000087 0.000000
640 1.275982 0.000088 0.000000
642 1.279977 0.000089 0.000000
644 1.283972 0.000090 0.000000
646 1.287968 0.000090 0.000000
648 1.291963 0.000090 0.000000
650 1.295959 0.000090 0.000000
652 1.299954 0.000090 0.000000
654 1.303950 0.000090 0.000000
656 1.307945 0.000090 0.000000
658 1.311941 0.000090 0.000000
660 1.315987 0.000091 0.000394
662 1.319983 0.000091 0.000394
664 1.323978 0.000092 0.000394
666 1.327974 0.000093 0.000394
668 1.332020 0.000093 0.000000
670 1.336016 0.000093 0.000000
672 1.340011 0.000093 0.000000
674 1.344007 0.000093 0.000000
676 1.348002 0.000093 0.000000
678 1.351997 0.000093 0.000000
680 1.355993 0.000093 0.000000
682 1.359988 0.000093 0.000000
684 1.363984 0.000094 0.000000
686 1.367979 0.000094 0.000000
688 1.371975 0.000095 0.000000
690 1.375970 0.000096 0.000000
692 1.379966 0.000096 0.000000
694 1.383961 0.000096 0.000000
696 1.387956 0.000096 0.000000
698 1.391952 0.000096 0.000000
700 1.395947 0.000096 0.000000
702 1.399943 0.000096 0.000000
704 1.403938 0.000096 0.000000
706 1.407985 0.000097 0.000394
708 1.411980 0.000098 0.000394
710 1.415976 0.000098 0.000394
712 1.419971 0.000099 0.000394
714 1.424018 0.000099 0.000000
716 1.428013 0.000099 0.000000
718 1.432009 0.000099 0.000000
720 1.436004 0.000099 0.000000
722 1.440000 0.000099 0.000000
724 1.443995 0.000099 0.000000
726 1.447991 0.000099 0.000000
728 1.451986 0.000099 0.000000
730 1.455982 0.000100 0.000000
732 1.459977 0.000101 0.000000
734 1.463972 0.000102 0.000000
736 1.467968 0.000102 0.000000
738 1.471963 0.000102 0.000000
740 1.475959 0.000102 0.000000
742 1.479954 0.000102 0.000000
744 1.483950 0.000102 0.000000
746 1.487945 0.000102 0.000000
748 1.491941 0.000102 0.000000
750 1.495936 0.000102 0.000000
752 1.499983 0.000103 0.000394
754 1.503978 0.000104 0.000394
756 1.507974 0.000105 0.000394
758 1.511969 0.000105 0.000394
760 1.516016 0.000105 0.000000
762 1.520011 0.000105 0.000000
764 1.524007 0.000105 0.000000
766 1.528002 0.000105 0.000000
768 1.531997 0.000105 0.000000
770 1.535993 0.000105 0.000000
772 1.539988 0.000105 0.000000
774 1.543984 0.000105 0.000000
776 1.547979 0.000106 0.000000
778 1.551975 0.000107 0.000000
780 1.555970 0.000108 0.000000
782 1.559966 0.000109 0.000000
784 1.563961 0.000109 0.000000
786 1.567956 0.000109 0.000000
788 1.571952 0.000109 0.000000
790 1.575947 0.000109 0.000000
792 1.579943 0.000109 0.000000
794 1.583938 0.000109 0.000000
796 1.587934 0.000109 0.000000
798 1.591980 0.000109 0.000394
800 1.595976 0.000110 0.000394
802 1.599971 0.000111 0.000394
804 1.603967 0.000112 0.000394
806 1.608013 0.000112 0.000000
808 1.612009 0.000112 0.000000
810 1.616004 0.000112 0.000000
812 1.620000 0.000112 0.000000
814 1.623995 0.000112 0.000000
816 1.627991 0.000112 0.000000
818 1.631986 0.000112 0.000000
820 1.635981 0.000112 0.000000
822 1.639977 0.000113 0.000000
824 1.643972 0.000113 0.000000
826 1.647968 0.000114 0.000000
828 1.651963 0.000115 0.000000
830 1.655959 0.000115 0.000000
832 1.659954 0.000115 0.000000
834 1.663950 0.000115 0.000000
836 1.667945 0.000115 0.000000
838 1.671941 0.000115 0.000000
840 1.675936 0.000115 0.000000
842 1.679931 0.000115 0.000000
844 1.683978 0.000116 0.000394
846 1.687974 0.000116 0.000394
848 1.691969 0.000117 0.000394
850 1.695964 0.000118 0.000394
852 1.700011 0.000118 0.000000
854 1.704007 0.000118 0.000000
856 1.708002 0.000118 0.000000
858 1.711997 0.000118 0.000000
860 1.715993 0.000118 0.000000
862 1.719988 0.000118 0.000000
864 1.723984 0.000118 0.000000
866 1.727979 0.000118 0.000000
868 1.731975 0.000119 0.000000
870 1.735970 0.000120 0.000000
872 1.739966 0.000120 0.000000
874 1.743961 0.000121 0.000000
876 1.747956 0.000121 0.000000
878 1.751952 0.000121 0.000000
880 1.755947 0.000121 0.000000
882 1.759943 0.000121 0.000000
884 1.763938 0.000121 0.000000
886 1.767934 0.000121 0.000000
888 1.771929 0.000121 0.000000
890 1.775976 0.000122 0.000394
892 1.779971 0.000123 0.000394
894 1.783967 0.000124 0.000394
896 1.787962 0.000124 0.000394
898 1.792009 0.000124 0.000000
900 1.796004 0.000124 0.000000
902 1.800000 0.000124 0.000000
904 1.803995 0.000124 0.000000
906 1.807991 0.000124 0.000000
908 1.811986 0.000124 0.000000
910 1.815981 0.000124 0.000000
912 1.819977 0.000124 0.000000
914 1.823972 0.000125 0.000000
916 1.827968 0.000126 0.000000
918 1.831963 0.000127 0.000000
920 1.835959 0.000128 0.000000
922 1.839954 0.000128 0.000000
924 1.843950 0.000128 0.000000
926 1.847945 0.000128 0.000000
928 1.851940 0.000128 0.000000
930 1.855936 0.000128 0.000000
932 1.859931 0.000128 0.000000
934 1.863927 0.000128 0.000000
936 1.867973 0.000128 0.000394
938 1.871969 0.000129 0.000394
940 1.875964 0.000130 0.000394
942 1.879960 0.000131 0.000394
944 1.884006 0.000131 0.000000
946 1.888002 0.000131 0.000000
948 1.891997 0.000131 0.000000
950 1.895993 0.000131 0.000000
952 1.899988 0.000131 0.000000
954 1.903984 0.000131 0.000000
956 1.907979 0.000131 0.000000
958 1.911975 0.000131 0.000000
960 1.915970 0.000131 0.000000
962 1.919966 0.000132 0.000000
964 1.923961 0.000133 0.000000
966 1.927956 0.000134 0.000000
968 1.931952 0.000134 0.000000
970 1.935947 0.000134 0.000000
972 1.939943 0.000134 0.000000
974 1.943938 0.000134 0.000000
976 1.947934 0.000134 0.000000
978 1.951929 0.000134 0.000000
980 1.955925 0.000134 0.000000
982 1.959971 0.000135 0.000394
984 1.963967 0.000135 0.000394
986 1.967962 0.000136 0.000394
988 1.971958 0.000137 0.000394
990 1.976004 0.000137 0.000000
992 1.980000 0.000137 0.000000
994 1.983995 0.000137 0.000000
996 1.987991 0.000137 0.000000
998 1.991986 0.000137 0.000000
1000 1.995981 0.000137 0.000000
1002 1.999977 0.000137 0.000000
1004 2.003972 0.000137 0.000000
1006 2.005970 0.000138 0.000394
1008 2.006021 0.000139 0.014973
1010 2.006021 0.000139 0.045707
1012 2.006021 0.000139 0.076441
1014 2.006021 0.000139 0.107176
1016 2.006021 0.000139 0.137910
1018 2.006021 0.000139 0.168644
1020 2.006021 0.000139 0.199378
1022 2.006021 0.000139 0.230112
1024 2.005972 0.000125 0.261241
1026 2.005972 0.000125 0.291975
1028 2.005972 0.000124 0.322709
1030 2.006021 0.000141 0.353837
1032 2.006021 0.000141 0.384572
1034 2.006021 0.000141 0.415306
1036 2.006021 0.000141 0.446040
1038 2.006021 0.000141 0.476774
1040 2.006021 0.000141 0.507508
1042 2.006021 0.000141 0.538243
1044 2.006021 0.000141 0.568977
1046 2.006021 0.000141 0.599711
1048 2.006020 0.000141 0.630445
1050 2.006020 0.000142 0.661179
1052 2.006019 0.000143 0.691914
1054 2.006019 0.000143 0.738409
1056 2.006019 0.000143 0.769143
1058 2.006019 0.000143 0.799877
1060 2.006019 0.000143 0.830611
1062 2.006019 0.000143 0.861346
1064 2.006019 0.000143 0.892080
1066 2.006019 0.000143 0.922814
1068 2.006019 0.000143 0.953548
1070 2.006018 0.000143 0.984282
1072 2.006018 0.000144 1.015017
1074 2.006017 0.000144 1.045751
1076 2.006017 0.000144 1.076485
1078 2.006017 0.000144 1.107219
1080 2.006017 0.000144 1.137953
1082 2.006017 0.000144 1.168688
1084 2.006017 0.000144 1.199422
1086 2.006017 0.000144 1.230156
1088 2.006017 0.000144 1.260890
1090 2.006017 0.000144 1.291624
1092 2.006005 0.000094 1.322753
1094 2.006005 0.000094 1.353487
1096 2.006006 0.000094 1.384221
1098 2.006015 0.000144 1.415349
1100 2.006015 0.000144 1.461057
1102 2.006015 0.000144 1.491791
1104 2.006015 0.000144 1.522525
1106 2.006015 0.000144 1.553259
1108 2.006015 0.000144 1.583993
1110 2.006015 0.000144 1.583993
1112 2.005960 0.004088 1.584387
1114 2.005905 0.008083 1.584387
1116 2.005850 0.012078 1.584387
1118 2.005795 0.016073 1.584387
1120 2.005740 0.020069 1.584387
1122 2.005684 0.024115 1.584781
1124 2.005628 0.028110 1.584781
1126 2.005572 0.032105 1.584781
1128 2.005516 0.036100 1.584781
1130 2.005461 0.040095 1.584781
1132 2.005406 0.044090 1.584781
1134 2.005351 0.048085 1.584781
1136 2.005296 0.052080 1.584781
1138 2.005240 0.056075 1.584781
1140 2.005185 0.060070 1.584781
1142 2.005130 0.064065 1.584781
1144 2.005075 0.068060 1.584781
1146 2.005019 0.072056 1.584781
1148 2.004963 0.076051 1.584781
1150 2.004908 0.080046 1.584781
1152 2.004852 0.084092 1.584387
1154 2.004797 0.088087 1.584387
1156 2.004742 0.092082 1.584387
1158 2.004686 0.096077 1.584387
1160 2.004631 0.100072 1.584387
1162 2.004576 0.104067 1.584387
1164 2.004521 0.108062 1.584387
1166 2.004466 0.112057 1.584387
1168 2.004410 0.116104 1.584781
1170 2.004354 0.120099 1.584781
1172 2.004298 0.124094 1.584781
1174 2.004242 0.128089 1.584781
1176 2.004187 0.132084 1.584781
1178 2.004132 0.136079 1.584781
1180 2.004077 0.140074 1.584781
1182 2.004022 0.144069 1.584781
1184 2.003966 0.148064 1.584781
1186 2.003911 0.152059 1.584781
1188 2.003856 0.156054 1.584781
1190 2.003801 0.160049 1.584781
1192 2.003745 0.164044 1.584781
1194 2.003689 0.168039 1.584781
1196 2.003634 0.172035 1.584781
1198 2.003578 0.176081 1.584387
1200 2.003523 0.180076 1.584387
1202 2.003468 0.184071 1.584387
1204 2.003413 0.188066 1.584387
1206 2.003357 0.192061 1.584387
1208 2.003302 0.196056 1.584387
1210 2.003247 0.200051 1.584387
1212 2.003192 0.204046 1.584387
1214 2.003136 0.208093 1.584781
1216 2.003080 0.212088 1.584781
1218 2.003024 0.216083 1.584781
1220 2.002968 0.220078 1.584781
1222 2.002913 0.224073 1.584781
1224 2.002858 0.228068 1.584781
1226 2.002803 0.232063 1.584781
1228 2.002748 0.236058 1.584781
1230 2.002693 0.240053 1.584781
1232 2.002637 0.244048 1.584781
1234 2.002582 0.248043 1.584781
1236 2.002527 0.252038 1.584781
1238 2.002471 0.256033 1.584781
1240 2.002415 0.260028 1.584781
1242 2.002360 0.264023 1.584781
1244 2.002304 0.268070 1.584387
1246 2.002249 0.272065 1.584387
1248 2.002194 0.276060 1.584387
1250 2.002139 0.280055 1.584387
1252 2.002083 0.284050 1.584387
1254 2.002028 0.288045 1.584387
1256 2.001973 0.292040 1.584387
1258 2.001918 0.296035 1.584387
1260 2.001862 0.300081 1.584781
1262 2.001806 0.304076 1.584781
1264 2.001750 0.308072 1.584781
1266 2.001694 0.312067 1.584781
1268 2.001639 0.316062 1.584781
1270 2.001584 0.320057 1.584781
1272 2.001529 0.324052 1.584781
1274 2.001474 0.328047 1.584781
1276 2.001419 0.332042 1.584781
1278 2.001363 0.336037 1.584781
1280 2.001308 0.340032 1.584781
1282 2.001253 0.344027 1.584781
1284 2.001197 0.348022 1.584781
1286 2.001142 0.352017 1.584781
1288 2.001086 0.356012 1.584781
1290 2.001030 0.360059 1.584387
1292 2.000975 0.364054 1.584387
1294 2.000920 0.368049 1.584387
1296 2.000865 0.372044 1.584387
1298 2.000809 0.376039 1.584387
1300 2.000754 0.380034 1.584387
1302 2.000699 0.384029 1.584387
1304 2.000644 0.388024 1.584387
1306 2.000588 0.392070 1.584781
1308 2.000532 0.396065 1.584781
1310 2.000476 0.400060 1.584781
1312 2.000420 0.404055 1.584781
1314 2.000365 0.408051 1.584781
1316 2.000310 0.412046 1.584781
1318 2.000255 0.416041 1.584781
1320 2.000200 0.420036 1.584781
1322 2.000145 0.424031 1.584781
1324 2.000089 0.428026 1.584781
1326 2.000034 0.432021 1.584781
1328 1.999979 0.436016 1.584781
1330 1.999923 0.440011 1.584781
1332 1.999868 0.444006 1.584781
1334 1.999812 0.448001 1.584781
1336 1.999756 0.452047 1.584387
1338 1.999701 0.456043 1.584387
1340 1.999646 0.460038 1.584387
1342 1.999591 0.464033 1.584387
1344 1.999536 0.468028 1.584387
1346 1.999480 0.472023 1.584387
1348 1.999425 0.476018 1.584387
1350 1.999370 0.480013 1.584387
1352 1.999314 0.484059 1.584781
1354 1.999258 0.488054 1.584781
1356 1.999202 0.492049 1.584781
1358 1.999146 0.496044 1.584781
1360 1.999091 0.500039 1.584781
1362 1.999036 0.504035 1.584781
1364 1.998981 0.508030 1.584781
1366 1.998926 0.512025 1.584781
1368 1.998871 0.516020 1.584781
1370 1.998816 0.520015 1.584781
1372 1.998760 0.524010 1.584781
1374 1.998705 0.528005 1.584781
1376 1.998649 0.532000 1.584781
1378 1.998594 0.535995 1.584781
1380 1.998538 0.539990 1.584781
1382 1.998482 0.544036 1.584387
1384 1.998427 0.548031 1.584387
1386 1.998372 0.552026 1.584387
1388 1.998317 0.556022 1.584387
1390 1.998262 0.560017 1.584387
1392 1.998206 0.564012 1.584387
1394 1.998151 0.568007 1.584387
1396 1.998096 0.572002 1.584387
1398 1.998040 0.576048 1.584781
1400 1.997984 0.580043 1.584781
1402 1.997928 0.584038 1.584781
1404 1.997872 0.588033 1.584781
1406 1.997817 0.592028 1.584781
1408 1.997762 0.596023 1.584781
1410 1.997707 0.600018 1.584781
1412 1.997652 0.604014 1.584781
1414 1.997597 0.608009 1.584781
1416 1.997542 0.612004 1.584781
1418 1.997486 0.615999 1.584781
1420 1.997431 0.619994 1.584781
1422 1.997375 0.623989 1.584781
1424 1.997320 0.627984 1.584781
1426 1.997264 0.631979 1.584781
1428 1.997208 0.636025 1.584387
1430 1.997153 0.640020 1.584387
1432 1.997098 0.644015 1.584387
1434 1.997043 0.648010 1.584387
1436 1.996988 0.652006 1.584387
1438 1.996933 0.656001 1.584387
1440 1.996877 0.659996 1.584387
1442 1.996822 0.663991 1.584387
1444 1.996766 0.668037 1.584781
1446 1.996710 0.672032 1.584781
1448 1.996654 0.676027 1.584781
1450 1.996598 0.680022 1.584781
1452 1.996542 0.684017 1.584781
1454 1.996487 0.688012 1.584781
1456 1.996432 0.692007 1.584781
1458 1.996377 0.696002 1.584781
1460 1.996322 0.699997 1.584781
1462 1.996267 0.703993 1.584781
1464 1.996212 0.707988 1.584781
1466 1.996157 0.711983 1.584781
1468 1.996101 0.715978 1.584781
1470 1.996045 0.719973 1.584781
1472 1.995989 0.723968 1.584781
1474 1.995933 0.727963 1.584781
1476 1.995877 0.732009 1.584387
1478 1.995822 0.736004 1.584387
1480 1.995767 0.739999 1.584387
1482 1.995712 0.743994 1.584387
1484 1.995657 0.747989 1.584387
1486 1.995602 0.751985 1.584387
1488 1.995547 0.755980 1.584387
1490 1.995463 0.761972 1.584781
1492 1.995407 0.765967 1.584781
1494 1.995351 0.769962 1.584781
1496 1.995295 0.773957 1.584781
1498 1.995240 0.778004 1.584387
1500 1.995184 0.781999 1.584387
1502 1.995129 0.785994 1.584387
1504 1.995074 0.789989 1.584387
1506 1.995019 0.793984 1.584387
1508 1.994964 0.797979 1.584387
1510 1.994909 0.801974 1.584387
1512 1.994852 0.806020 1.584781
1514 1.994797 0.810015 1.584781
1516 1.994741 0.814010 1.584781
1518 1.994685 0.818005 1.584781
1520 1.994629 0.822001 1.584781
1522 1.994574 0.825996 1.584781
1524 1.994519 0.829991 1.584781
1526 1.994464 0.833986 1.584781
1528 1.994409 0.837981 1.584781
1530 1.994353 0.841976 1.584781
1532 1.994298 0.845971 1.584781
1534 1.994243 0.849966 1.584781
1536 1.994187 0.853961 1.584781
1538 1.994132 0.857956 1.584781
1540 1.994076 0.861951 1.584781
1542 1.994020 0.865946 1.584781
1544 1.993964 0.869992 1.584387
1546 1.993909 0.873988 1.584387
1548 1.993854 0.877983 1.584387
1550 1.993799 0.881978 1.584387
1552 1.993744 0.885973 1.584387
1554 1.993689 0.889968 1.584387
1556 1.993633 0.893963 1.584387
1558 1.993577 0.898009 1.584781
1560 1.993521 0.902004 1.584781
1562 1.993465 0.905999 1.584781
1564 1.993409 0.909994 1.584781
1566 1.993353 0.913989 1.584781
1568 1.993298 0.917984 1.584781
1570 1.993243 0.921979 1.584781
1572 1.993188 0.925975 1.584781
1574 1.993133 0.929970 1.584781
1576 1.993078 0.933965 1.584781
1578 1.993023 0.937960 1.584781
1580 1.992968 0.941955 1.584781
1582 1.992912 0.945950 1.584781
1584 1.992856 0.949945 1.584781
1586 1.992800 0.953940 1.584781
1588 1.992744 0.957935 1.584781
1590 1.992688 0.961981 1.584387
1592 1.992633 0.965976 1.584387
1594 1.992578 0.969971 1.584387
1596 1.992523 0.973967 1.584387
1598 1.992468 0.977962 1.584387
1600 1.992413 0.981957 1.584387
1602 1.992358 0.985952 1.584387
1604 1.992301 0.989998 1.584781
1606 1.992245 0.993993 1.584781
1608 1.992190 0.997988 1.584781
1610 1.992134 1.001983 1.584781
1612 1.992078 1.005978 1.584781
1614 1.992023 1.009973 1.584781
1616 1.991968 1.013968 1.584781
1618 1.991913 1.017963 1.584781
1620 1.991857 1.021958 1.584781
1622 1.991802 1.025954 1.584781
1624 1.991747 1.029949 1.584781
1626 1.991692 1.033944 1.584781
1628 1.991636 1.037939 1.584781
1630 1.991580 1.041934 1.584781
1632 1.991525 1.045929 1.584781
1634 1.991469 1.049924 1.584781
1636 1.991413 1.053970 1.584387
1638 1.991358 1.057965 1.584387
1640 1.991303 1.061960 1.584387
1642 1.991248 1.065955 1.584387
1644 1.991193 1.069950 1.584387
1646 1.991137 1.073946 1.584387
1648 1.991082 1.077941 1.584387
1650 1.991026 1.081987 1.584781
1652 1.990970 1.085982 1.584781
1654 1.990914 1.089977 1.584781
1656 1.990858 1.093972 1.584781
1658 1.990802 1.097967 1.584781
1660 1.990747 1.101962 1.584781
1662 1.990692 1.105957 1.584781
1664 1.990637 1.109952 1.584781
1666 1.990582 1.113947 1.584781
1668 1.990527 1.117942 1.584781
1670 1.990472 1.121937 1.584781
1672 1.990417 1.125933 1.584781
1674 1.990361 1.129928 1.584781
1676 1.990305 1.133923 1.584781
1678 1.990249 1.137918 1.584781
1680 1.990193 1.141913 1.584781
1682 1.990137 1.145959 1.584387
1684 1.990082 1.149954 1.584387
1686 1.990027 1.153949 1.584387
1688 1.989972 1.157944 1.584387
1690 1.989917 1.161939 1.584387
1692 1.989862 1.165934 1.584387
1694 1.989807 1.169929 1.584387
1696 1.989750 1.173976 1.584781
1698 1.989694 1.177971 1.584781
1700 1.989639 1.181966 1.584781
1702 1.989583 1.185961 1.584781
1704 1.989527 1.189956 1.584781
1706 1.989472 1.193951 1.584781
1708 1.989417 1.197946 1.584781
1710 1.989361 1.201941 1.584781
1712 1.989306 1.205936 1.584781
1714 1.989251 1.209931 1.584781
1716 1.989196 1.213926 1.584781
1718 1.989141 1.217921 1.584781
1720 1.989085 1.221916 1.584781
1722 1.989029 1.225912 1.584781
1724 1.988974 1.229907 1.584781
1726 1.988918 1.233902 1.584781
1728 1.988862 1.237948 1.584387
1730 1.988807 1.241943 1.584387
1732 1.988752 1.245938 1.584387
1734 1.988697 1.249933 1.584387
1736 1.988641 1.253928 1.584387
1738 1.988586 1.257923 1.584387
1740 1.988531 1.261918 1.584387
1742 1.988475 1.265965 1.584781
1744 1.988419 1.269960 1.584781
1746 1.988363 1.273955 1.584781
1748 1.988307 1.277950 1.584781
1750 1.988251 1.281945 1.584781
1752 1.988196 1.285940 1.584781
1754 1.988141 1.289935 1.584781
1756 1.988086 1.293930 1.584781
1758 1.988031 1.297925 1.584781
1760 1.987976 1.301920 1.584781
1762 1.987921 1.305915 1.584781
1764 1.987866 1.309910 1.584781
1766 1.987810 1.313905 1.584781
1768 1.987754 1.317900 1.584781
1770 1.987698 1.321895 1.584781
1772 1.987642 1.325891 1.584781
1774 1.987586 1.329937 1.584387
1776 1.987531 1.333932 1.584387
1778 1.987476 1.337927 1.584387
1780 1.987421 1.341922 1.584387
1782 1.987366 1.345917 1.584387
1784 1.987311 1.349912 1.584387
1786 1.987256 1.353907 1.584387
1788 1.987199 1.357953 1.584781
1790 1.987143 1.361949 1.584781
1792 1.987087 1.365944 1.584781
1794 1.987032 1.369939 1.584781
1796 1.986976 1.373934 1.584781
1798 1.986921 1.377929 1.584781
1800 1.986865 1.381924 1.584781
1802 1.986810 1.385919 1.584781
1804 1.986755 1.389914 1.584781
1806 1.986700 1.393909 1.584781
1808 1.986645 1.397904 1.584781
1810 1.986590 1.401899 1.584781
1812 1.986534 1.405894 1.584781
1814 1.986478 1.409889 1.584781
1816 1.986422 1.413884 1.584781
1818 1.986367 1.417879 1.584781
1820 1.986311 1.421926 1.584387
1822 1.986256 1.425921 1.584387
1824 1.986201 1.429916 1.584387
1826 1.986145 1.433911 1.584387
1828 1.986090 1.437906 1.584387
1830 1.986035 1.441901 1.584387
1832 1.985980 1.445896 1.584387
1834 1.985924 1.449942 1.584781
1836 1.985868 1.453937 1.584781
1838 1.985812 1.457932 1.584781
1840 1.985756 1.461927 1.584781
1842 1.985700 1.465923 1.584781
1844 1.985645 1.469918 1.584781
1846 1.985590 1.473913 1.584781
1848 1.985535 1.477908 1.584781
1850 1.985480 1.481903 1.584781
1852 1.985425 1.485898 1.584781
1854 1.985370 1.489893 1.584781
1856 1.985315 1.493888 1.584781
1858 1.985259 1.497883 1.584781
1860 1.985203 1.501878 1.584781
1862 1.985147 1.505873 1.584781
1864 1.985091 1.509868 1.584781
1866 1.985035 1.513915 1.584387
1868 1.984980 1.517910 1.584387
1870 1.984925 1.521905 1.584387
1872 1.984870 1.525900 1.584387
1874 1.984815 1.529895 1.584387
1876 1.984760 1.533890 1.584387
1878 1.984705 1.537885 1.584387
1880 1.984648 1.541931 1.584781
1882 1.984592 1.545926 1.584781
1884 1.984536 1.549921 1.584781
1886 1.984480 1.553916 1.584781
1888 1.984425 1.557911 1.584781
1890 1.984370 1.561906 1.584781
1892 1.984314 1.565902 1.584781
1894 1.984259 1.569897 1.584781
1896 1.984204 1.573892 1.584781
1898 1.984149 1.577887 1.584781
1900 1.984094 1.581882 1.584781
1902 1.984039 1.585877 1.584781
1904 1.983983 1.589872 1.584781
1906 1.983927 1.593867 1.584781
1908 1.983871 1.597862 1.584781
1910 1.983815 1.601857 1.584781
1912 1.983760 1.605903 1.584387
1914 1.983705 1.609898 1.584387
1916 1.983649 1.613894 1.584387
1918 1.983594 1.617889 1.584387
1920 1.983539 1.621884 1.584387
1922 1.983484 1.625879 1.584387
1924 1.983429 1.629874 1.584387
1926 1.983373 1.633920 1.584781
1928 1.983317 1.637915 1.584781
1930 1.983261 1.641910 1.584781
1932 1.983205 1.645905 1.584781
1934 1.983149 1.649900 1.584781
1936 1.983094 1.653895 1.584781
1938 1.983039 1.657890 1.584781
1940 1.982984 1.661885 1.584781
1942 1.982929 1.665881 1.584781
1944 1.982874 1.669876 1.584781
1946 1.982819 1.673871 1.584781
1948 1.982763 1.677866 1.584781
1950 1.982708 1.681861 1.584781
1952 1.982652 1.685856 1.584781
1954 1.982596 1.689851 1.584781
1956 1.982540 1.693846 1.584781
1958 1.982484 1.697892 1.584387
1960 1.982429 1.701887 1.584387
1962 1.982374 1.705882 1.584387
1964 1.982319 1.709877 1.584387
1966 1.982264 1.713873 1.584387
1968 1.982209 1.717868 1.584387
1970 1.982154 1.721863 1.584387
1972 1.982097 1.725909 1.584781
1974 1.982041 1.729904 1.584781
1976 1.981985 1.733899 1.584781
1978 1.981929 1.737894 1.584781
1980 1.981874 1.741889 1.584781
1982 1.981818 1.745884 1.584781
1984 1.981763 1.749879 1.584781
1986 1.981708 1.753874 1.584781
1988 1.981653 1.757869 1.584781
1990 1.981598 1.761864 1.584781
1992 1.981543 1.765860 1.584781
1994 1.981488 1.769855 1.584781
1996 1.981432 1.773850 1.584781
1998 1.981376 1.777845 1.584781
2000 1.981320 1.781840 1.584781
2002 1.981264 1.785835 1.584781
2004 1.981209 1.789881 1.584387
2006 1.981153 1.793876 1.584387
2008 1.981098 1.797871 1.584387
2010 1.981043 1.801866 1.584387
2012 1.980988 1.805861 1.584387
2014 1.980933 1.809856 1.584387
2016 1.980878 1.813852 1.584387
2018 1.980821 1.817898 1.584781
2020 1.980766 1.821893 1.584781
2022 1.980710 1.825888 1.584781
2024 1.980654 1.829883 1.584781
2026 1.980598 1.833878 1.584781
2028 1.980543 1.837873 1.584781
2030 1.980488 1.841868 1.584781
2032 1.980433 1.845863 1.584781
2034 1.980378 1.849858 1.584781
2036 1.980323 1.853853 1.584781
2038 1.980267 1.857848 1.584781
2040 1.980212 1.861843 1.584781
2042 1.980156 1.865839 1.584781
2044 1.980101 1.869834 1.584781
2046 1.980045 1.873829 1.584781
2048 1.979989 1.877824 1.584781
2050 1.979933 1.881870 1.584387
2052 1.979878 1.885865 1.584387
2054 1.979823 1.889860 1.584387
2056 1.979768 1.893855 1.584387
2058 1.979713 1.897850 1.584387
2060 1.979658 1.901845 1.584387
2062 1.979603 1.905840 1.584387
2064 1.979546 1.909887 1.584781
2066 1.979490 1.913882 1.584781
2068 1.979434 1.917877 1.584781
2070 1.979378 1.921872 1.584781
2072 1.979322 1.925867 1.584781
2074 1.979267 1.929862 1.584781
2076 1.979212 1.933857 1.584781
2078 1.979157 1.937852 1.584781
2080 1.979102 1.941847 1.584781
2082 1.979047 1.945842 1.584781
2084 1.978992 1.949837 1.584781
2086 1.978937 1.953832 1.584781
2088 1.978881 1.957827 1.584781
2090 1.978825 1.961822 1.584781
2092 1.978769 1.965817 1.584781
2094 1.978713 1.969813 1.584781
2096 1.978658 1.973859 1.584387
2098 1.978602 1.977854 1.584387
2100 1.978547 1.981849 1.584387
2102 1.978492 1.985844 1.584387
2104 1.978437 1.989839 1.584387
2106 1.978382 1.993834 1.584387
2108 1.978327 1.997829 1.584387
2110 1.978270 2.001876 1.584781
2112 1.978215 2.005871 1.584781
2114 1.978215 2.005871 1.584781
2116 1.978212 2.005922 1.615122
2118 1.978211 2.005922 1.645856
2120 1.978211 2.005922 1.676590
2122 1.978210 2.005922 1.707324
2124 1.978209 2.005921 1.738058
2126 1.978208 2.005921 1.768793
2128 1.978208 2.005921 1.799527
2130 1.978207 2.005921 1.830261
2132 1.978221 2.005872 1.861389
2134 1.978221 2.005872 1.892123
2136 1.978221 2.005872 1.922858
2138 1.978221 2.005872 1.953592
2140 1.978222 2.005872 1.984326
2142 1.978223 2.005872 2.015060
2144 1.978224 2.005873 2.045795
2146 1.978224 2.005873 2.076529
2148 1.978225 2.005874 2.107263
2150 1.978226 2.005874 2.137997
2152 1.978226 2.005874 2.168731
2154 1.978227 2.005875 2.199466
2156 1.978227 2.005875 2.230200
2158 1.978227 2.005875 2.260934
2160 1.978193 2.005913 2.292062
2162 1.978193 2.005913 2.322796
2164 1.978192 2.005912 2.353531
2166 1.978191 2.005912 2.384265
2168 1.978191 2.005911 2.414999
2170 1.978190 2.005911 2.445733
2172 1.978190 2.005910 2.476467
2174 1.978189 2.005909 2.507202
2176 1.978189 2.005909 2.537936
2178 1.978232 2.005880 2.569064
2180 1.978232 2.005880 2.599798
2182 1.978232 2.005880 2.630532
2184 1.978232 2.005881 2.661267
2186 1.978232 2.005882 2.692001
2188 1.978233 2.005882 2.722735
2190 1.978233 2.005883 2.753469
2192 1.978233 2.005884 2.784203
2194 1.978233 2.005885 2.814938
2196 1.978234 2.005885 2.845672
2198 1.978234 2.005886 2.876406
2200 1.978234 2.005887 2.907140
2202 1.978234 2.005887 2.937874
2204 1.978234 2.005887 2.968609
2206 1.978183 2.005894 2.999737
2208 1.978183 2.005893 3.030471
2210 1.978183 2.005893 3.061205
2212 1.978183 2.005892 3.091939
2214 1.978183 2.005891 3.122674
2216 1.978183 2.005890 3.153408
2218 1.978234 2.005892 3.168775
2220 1.976237 2.005836 3.169169
2222 1.972243 2.005726 3.169169
2224 1.968250 2.005616 3.169169
2226 1.964256 2.005506 3.169169
2228 1.960262 2.005396 3.169169
2230 1.956268 2.005286 3.169169
2232 1.952274 2.005175 3.169169
2234 1.948280 2.005064 3.169169
2236 1.944286 2.004953 3.169169
2238 1.940292 2.004843 3.169169
2240 1.936298 2.004732 3.169169
2242 1.932304 2.004622 3.169169
2244 1.928310 2.004512 3.169169
2246 1.924316 2.004402 3.169169
2248 1.920322 2.004292 3.169169
2250 1.916329 2.004182 3.169169
2252 1.912335 2.004071 3.169169
2254 1.908290 2.003959 3.169563
2256 1.904296 2.003848 3.169563
2258 1.900302 2.003737 3.169563
2260 1.896257 2.003626 3.169169
2262 1.892263 2.003515 3.169169
2264 1.888269 2.003405 3.169169
2266 1.884275 2.003295 3.169169
2268 1.880281 2.003185 3.169169
2270 1.876287 2.003075 3.169169
2272 1.872293 2.002965 3.169169
2274 1.868299 2.002854 3.169169
2276 1.864305 2.002744 3.169169
2278 1.860311 2.002633 3.169169
2280 1.856317 2.002522 3.169169
2282 1.852323 2.002411 3.169169
2284 1.848330 2.002301 3.169169
2286 1.844336 2.002191 3.169169
2288 1.840342 2.002081 3.169169
2290 1.836348 2.001971 3.169169
2292 1.832354 2.001861 3.169169
2294 1.828360 2.001750 3.169169
2296 1.824366 2.001640 3.169169
2298 1.820372 2.001530 3.169169
2300 1.816327 2.001418 3.169563
2302 1.812333 2.001307 3.169563
2304 1.808339 2.001196 3.169563
2306 1.804294 2.001084 3.169169
2308 1.800300 2.000974 3.169169
2310 1.796306 2.000864 3.169169
2312 1.792312 2.000754 3.169169
2314 1.788318 2.000644 3.169169
2316 1.784324 2.000533 3.169169
2318 1.780330 2.000423 3.169169
2320 1.776336 2.000313 3.169169
2322 1.772343 2.000203 3.169169
2324 1.768349 2.000092 3.169169
2326 1.764355 1.999981 3.169169
2328 1.760361 1.999870 3.169169
2330 1.756367 1.999760 3.169169
2332 1.752373 1.999650 3.169169
2334 1.748379 1.999540 3.169169
2336 1.744385 1.999429 3.169169
2338 1.740391 1.999319 3.169169
2340 1.736397 1.999209 3.169169
2342 1.732403 1.999099 3.169169
2344 1.728409 1.998989 3.169169
2346 1.724364 1.998876 3.169563
2348 1.720370 1.998765 3.169563
2350 1.716377 1.998654 3.169563
2352 1.712331 1.998543 3.169169
2354 1.708337 1.998433 3.169169
2356 1.704344 1.998323 3.169169
2358 1.700350 1.998212 3.169169
2360 1.696356 1.998102 3.169169
2362 1.692362 1.997992 3.169169
2364 1.688368 1.997882 3.169169
2366 1.684374 1.997772 3.169169
2368 1.680380 1.997662 3.169169
2370 1.676386 1.997551 3.169169
2372 1.672392 1.997440 3.169169
2374 1.668398 1.997329 3.169169
2376 1.664404 1.997219 3.169169
2378 1.660410 1.997108 3.169169
2380 1.656416 1.996998 3.169169
2382 1.652423 1.996888 3.169169
2384 1.648429 1.996778 3.169169
2386 1.644435 1.996668 3.169169
2388 1.640441 1.996558 3.169169
2390 1.636447 1.996447 3.169169
2392 1.632402 1.996335 3.169563
2394 1.628408 1.996224 3.169563
2396 1.624414 1.996113 3.169563
2398 1.620369 1.996002 3.169169
2400 1.616375 1.995891 3.169169
2402 1.612381 1.995781 3.169169
2404 1.608387 1.995671 3.169169
2406 1.604393 1.995561 3.169169
2408 1.600399 1.995451 3.169169
2410 1.596405 1.995341 3.169169
2412 1.592411 1.995230 3.169169
2414 1.588417 1.995120 3.169169
2416 1.584423 1.995009 3.169169
2418 1.580430 1.994898 3.169169
2420 1.576436 1.994787 3.169169
2422 1.572442 1.994677 3.169169
2424 1.568448 1.994567 3.169169
2426 1.564454 1.994457 3.169169
2428 1.560460 1.994347 3.169169
2430 1.556466 1.994237 3.169169
2432 1.552472 1.994126 3.169169
2434 1.548478 1.994016 3.169169
2436 1.544484 1.993906 3.169169
2438 1.540439 1.993794 3.169563
2440 1.536445 1.993683 3.169563
2442 1.532451 1.993572 3.169563
2444 1.528406 1.993460 3.169169
2446 1.524412 1.993350 3.169169
2448 1.520418 1.993240 3.169169
2450 1.516424 1.993130 3.169169
2452 1.512430 1.993020 3.169169
2454 1.508437 1.992909 3.169169
2456 1.504443 1.992799 3.169169
2458 1.500449 1.992689 3.169169
2460 1.496455 1.992579 3.169169
2462 1.492461 1.992468 3.169169
2464 1.488467 1.992357 3.169169
2466 1.484473 1.992246 3.169169
2468 1.480479 1.992136 3.169169
2470 1.476485 1.992026 3.169169
2472 1.472491 1.991916 3.169169
2474 1.468497 1.991805 3.169169
2476 1.464503 1.991695 3.169169
2478 1.460509 1.991585 3.169169
2480 1.456516 1.991475 3.169169
2482 1.452522 1.991365 3.169169
2484 1.448477 1.991252 3.169563
2486 1.444483 1.991141 3.169563
2488 1.440489 1.991030 3.169563
2490 1.436444 1.990919 3.169169
2492 1.432450 1.990809 3.169169
2494 1.428456 1.990699 3.169169
2496 1.424462 1.990588 3.169169
2498 1.420468 1.990478 3.169169
2500 1.416474 1.990368 3.169169
2502 1.412480 1.990258 3.169169
2504 1.408486 1.990148 3.169169
2506 1.404492 1.990038 3.169169
2508 1.400498 1.989927 3.169169
2510 1.396504 1.989816 3.169169
2512 1.392510 1.989705 3.169169
2514 1.388517 1.989594 3.169169
2516 1.384523 1.989484 3.169169
2518 1.380529 1.989374 3.169169
2520 1.376535 1.989264 3.169169
2522 1.372541 1.989154 3.169169
2524 1.368547 1.989044 3.169169
2526 1.364553 1.988933 3.169169
2528 1.360559 1.988823 3.169169
2530 1.356514 1.988711 3.169563
2532 1.352520 1.988600 3.169563
2534 1.348526 1.988489 3.169563
2536 1.344481 1.988377 3.169169
2538 1.340487 1.988267 3.169169
2540 1.336493 1.988157 3.169169
2542 1.332499 1.988047 3.169169
2544 1.328505 1.987937 3.169169
2546 1.324511 1.987827 3.169169
2548 1.320517 1.987716 3.169169
2550 1.316523 1.987606 3.169169
2552 1.312530 1.987496 3.169169
2554 1.308536 1.987385 3.169169
2556 1.304542 1.987274 3.169169
2558 1.300548 1.987163 3.169169
2560 1.296554 1.987053 3.169169
2562 1.292560 1.986943 3.169169
2564 1.288566 1.986833 3.169169
2566 1.284572 1.986723 3.169169
2568 1.280578 1.986612 3.169169
2570 1.276584 1.986502 3.169169
2572 1.272590 1.986392 3.169169
2574 1.268596 1.986282 3.169169
2576 1.264551 1.986170 3.169563
2578 1.260557 1.986059 3.169563
2580 1.256564 1.985948 3.169563
2582 1.252518 1.985836 3.169169
2584 1.248524 1.985726 3.169169
2586 1.244531 1.985616 3.169169
2588 1.240537 1.985506 3.169169
2590 1.236543 1.985395 3.169169
2592 1.232549 1.985285 3.169169
2594 1.228555 1.985175 3.169169
2596 1.224561 1.985065 3.169169
2598 1.220567 1.984955 3.169169
2600 1.216573 1.984844 3.169169
2602 1.212579 1.984733 3.169169
2604 1.208585 1.984622 3.169169
2606 1.204591 1.984512 3.169169
2608 1.200597 1.984402 3.169169
2610 1.196603 1.984291 3.169169
2612 1.192610 1.984181 3.169169
2614 1.188616 1.984071 3.169169
2616 1.184622 1.983961 3.169169
2618 1.180628 1.983851 3.169169
2620 1.176634 1.983741 3.169169
2622 1.172589 1.983628 3.169563
2624 1.168595 1.983517 3.169563
2626 1.164601 1.983406 3.169563
2628 1.160556 1.983295 3.169169
2630 1.156562 1.983185 3.169169
2632 1.152568 1.983074 3.169169
2634 1.148574 1.982964 3.169169
2636 1.144580 1.982854 3.169169
2638 1.140586 1.982744 3.169169
2640 1.136592 1.982634 3.169169
2642 1.132598 1.982524 3.169169
2644 1.128604 1.982413 3.169169
2646 1.124610 1.982302 3.169169
2648 1.120617 1.982192 3.169169
2650 1.116623 1.982081 3.169169
2652 1.112629 1.981970 3.169169
2654 1.108635 1.981860 3.169169
2656 1.104641 1.981750 3.169169
2658 1.100647 1.981640 3.169169
2660 1.096653 1.981530 3.169169
2662 1.092659 1.981420 3.169169
2664 1.088665 1.981309 3.169169
2666 1.084671 1.981199 3.169169
2668 1.080626 1.981087 3.169563
2670 1.076632 1.980976 3.169563
2672 1.072638 1.980865 3.169563
2674 1.068593 1.980753 3.169169
2676 1.064599 1.980643 3.169169
2678 1.060605 1.980533 3.169169
2680 1.056611 1.980423 3.169169
2682 1.052617 1.980313 3.169169
2684 1.048624 1.980203 3.169169
2686 1.044630 1.980092 3.169169
2688 1.040636 1.979982 3.169169
2690 1.036642 1.979872 3.169169
2692 1.032648 1.979761 3.169169
2694 1.028654 1.979650 3.169169
2696 1.024660 1.979539 3.169169
2698 1.020666 1.979429 3.169169
2700 1.016672 1.979319 3.169169
2702 1.012678 1.979209 3.169169
2704 1.008684 1.979099 3.169169
2706 1.004690 1.978988 3.169169
2708 1.000696 1.978878 3.169169
2710 0.996703 1.978768 3.169169
2712 0.992709 1.978658 3.169169
2714 0.988664 1.978546 3.169563
2716 0.984670 1.978435 3.169563
2718 0.980676 1.978324 3.169563
2720 0.976631 1.978212 3.169169
2722 0.972637 1.978102 3.169169
2724 0.968643 1.977992 3.169169
2726 0.964649 1.977882 3.169169
2728 0.960655 1.977771 3.169169
2730 0.956661 1.977661 3.169169
2732 0.952667 1.977551 3.169169
2734 0.948673 1.977441 3.169169
2736 0.944679 1.977331 3.169169
2738 0.940685 1.977220 3.169169
2740 0.936691 1.977109 3.169169
2742 0.932697 1.976998 3.169169
2744 0.928704 1.976888 3.169169
2746 0.924710 1.976778 3.169169
2748 0.920716 1.976667 3.169169
2750 0.916722 1.976557 3.169169
2752 0.912728 1.976447 3.169169
2754 0.908734 1.976337 3.169169
2756 0.904740 1.976227 3.169169
2758 0.900746 1.976117 3.169169
2760 0.896701 1.976004 3.169563
2762 0.892707 1.975893 3.169563
2764 0.888713 1.975782 3.169563
2766 0.884668 1.975671 3.169169
2768 0.880674 1.975561 3.169169
2770 0.876680 1.975450 3.169169
2772 0.872686 1.975340 3.169169
2774 0.868692 1.975230 3.169169
2776 0.864698 1.975120 3.169169
2778 0.860704 1.975010 3.169169
2780 0.856710 1.974900 3.169169
2782 0.852717 1.974789 3.169169
2784 0.848723 1.974678 3.169169
2786 0.844729 1.974567 3.169169
2788 0.840735 1.974457 3.169169
2790 0.836741 1.974346 3.169169
2792 0.832747 1.974236 3.169169
2794 0.828753 1.974126 3.169169
2796 0.824759 1.974016 3.169169
2798 0.820765 1.973906 3.169169
2800 0.816771 1.973796 3.169169
2802 0.812777 1.973685 3.169169
2804 0.808783 1.973575 3.169169
2806 0.804738 1.973463 3.169563
2808 0.800744 1.973352 3.169563
2810 0.796751 1.973241 3.169563
2812 0.792705 1.973129 3.169169
2814 0.788711 1.973019 3.169169
2816 0.784718 1.972909 3.169169
2818 0.780724 1.972799 3.169169
2820 0.776730 1.972689 3.169169
2822 0.772736 1.972579 3.169169
2824 0.768742 1.972468 3.169169
2826 0.764748 1.972358 3.169169
2828 0.760754 1.972248 3.169169
2830 0.756760 1.972137 3.169169
2832 0.752766 1.972026 3.169169
2834 0.748772 1.971915 3.169169
2836 0.744778 1.971805 3.169169
2838 0.740784 1.971695 3.169169
2840 0.736790 1.971585 3.169169
2842 0.732797 1.971474 3.169169
2844 0.728803 1.971364 3.169169
2846 0.724809 1.971254 3.169169
2848 0.720815 1.971144 3.169169
2850 0.716821 1.971034 3.169169
2852 0.712776 1.970921 3.169563
2854 0.708782 1.970811 3.169563
2856 0.704788 1.970700 3.169563
2858 0.700743 1.970588 3.169169
2860 0.696749 1.970478 3.169169
2862 0.692755 1.970368 3.169169
2864 0.688761 1.970257 3.169169
2866 0.684767 1.970147 3.169169
2868 0.680773 1.970037 3.169169
2870 0.676779 1.969927 3.169169
2872 0.672785 1.969817 3.169169
2874 0.668791 1.969707 3.169169
2876 0.664797 1.969596 3.169169
2878 0.660804 1.969485 3.169169
2880 0.656810 1.969374 3.169169
2882 0.652816 1.969264 3.169169
2884 0.648822 1.969153 3.169169
2886 0.644828 1.969043 3.169169
2888 0.640834 1.968933 3.169169
2890 0.636840 1.968823 3.169169
2892 0.632846 1.968713 3.169169
2894 0.628852 1.968603 3.169169
2896 0.624858 1.968492 3.169169
2898 0.620813 1.968380 3.169563
2900 0.616819 1.968269 3.169563
2902 0.612825 1.968158 3.169563
2904 0.608780 1.968047 3.169169
2906 0.604786 1.967936 3.169169
2908 0.600792 1.967826 3.169169
2910 0.596798 1.967716 3.169169
2912 0.592804 1.967606 3.169169
2914 0.588811 1.967496 3.169169
2916 0.584817 1.967386 3.169169
2918 0.580823 1.967275 3.169169
2920 0.576829 1.967165 3.169169
2922 0.572835 1.967054 3.169169
2924 0.568841 1.966943 3.169169
2926 0.564847 1.966832 3.169169
2928 0.560853 1.966722 3.169169
2930 0.556859 1.966612 3.169169
2932 0.552865 1.966502 3.169169
2934 0.548871 1.966392 3.169169
2936 0.544877 1.966282 3.169169
2938 0.540883 1.966171 3.169169
2940 0.536890 1.966061 3.169169
2942 0.532896 1.965951 3.169169
2944 0.528851 1.965839 3.169563
2946 0.524857 1.965728 3.169563
2948 0.520863 1.965617 3.169563
2950 0.516818 1.965505 3.169169
2952 0.512824 1.965395 3.169169
2954 0.508830 1.965285 3.169169
2956 0.504836 1.965175 3.169169
2958 0.500842 1.965065 3.169169
2960 0.496848 1.964954 3.169169
2962 0.492854 1.964844 3.169169
2964 0.488860 1.964734 3.169169
2966 0.484866 1.964624 3.169169
2968 0.480872 1.964513 3.169169
2970 0.476878 1.964402 3.169169
2972 0.472884 1.964291 3.169169
2974 0.468891 1.964181 3.169169
2976 0.464897 1.964071 3.169169
2978 0.460903 1.963961 3.169169
2980 0.456909 1.963850 3.169169
2982 0.452915 1.963740 3.169169
2984 0.448921 1.963630 3.169169
2986 0.444927 1.963520 3.169169
2988 0.440933 1.963410 3.169169
2990 0.436888 1.963297 3.169563
2992 0.432894 1.963186 3.169563
2994 0.428900 1.963075 3.169563
2996 0.424855 1.962964 3.169169
2998 0.420861 1.962854 3.169169
3000 0.416867 1.962744 3.169169
3002 0.412873 1.962633 3.169169
3004 0.408879 1.962523 3.169169
3006 0.404885 1.962413 3.169169
3008 0.400891 1.962303 3.169169
3010 0.396897 1.962193 3.169169
3012 0.392904 1.962083 3.169169
3014 0.388910 1.961972 3.169169
3016 0.384916 1.961861 3.169169
3018 0.380922 1.961750 3.169169
3020 0.376928 1.961640 3.169169
3022 0.372934 1.961529 3.169169
3024 0.368940 1.961419 3.169169
3026 0.364946 1.961309 3.169169
3028 0.360952 1.961199 3.169169
3030 0.356958 1.961089 3.169169
3032 0.352964 1.960979 3.169169
3034 0.348970 1.960868 3.169169
3036 0.344925 1.960756 3.169563
3038 0.340931 1.960645 3.169563
3040 0.336938 1.960534 3.169563
3042 0.332892 1.960423 3.169169
3044 0.328898 1.960312 3.169169
3046 0.324905 1.960202 3.169169
3048 0.320911 1.960092 3.169169
3050 0.316917 1.959982 3.169169
3052 0.312923 1.959872 3.169169
3054 0.308929 1.959762 3.169169
3056 0.304935 1.959651 3.169169
3058 0.300941 1.959541 3.169169
3060 0.296947 1.959430 3.169169
3062 0.292953 1.959319 3.169169
3064 0.288959 1.959208 3.169169
3066 0.284965 1.959098 3.169169
3068 0.280971 1.958988 3.169169
3070 0.276977 1.958878 3.169169
3072 0.272984 1.958768 3.169169
3074 0.268990 1.958658 3.169169
3076 0.264996 1.958547 3.169169
3078 0.261002 1.958437 3.169169
3080 0.257008 1.958327 3.169169
3082 0.252963 1.958215 3.169563
3084 0.248969 1.958104 3.169563
3086 0.244975 1.957993 3.169563
3088 0.240930 1.957881 3.169169
3090 0.236936 1.957771 3.169169
3092 0.232942 1.957661 3.169169
3094 0.228948 1.957551 3.169169
3096 0.224954 1.957441 3.169169
3098 0.220960 1.957330 3.169169
3100 0.216966 1.957220 3.169169
3102 0.212972 1.957110 3.169169
3104 0.208978 1.957000 3.169169
3106 0.204984 1.956889 3.169169
3108 0.200991 1.956778 3.169169
3110 0.196997 1.956667 3.169169
3112 0.193003 1.956557 3.169169
3114 0.189009 1.956447 3.169169
3116 0.185015 1.956337 3.169169
3118 0.181021 1.956226 3.169169
3120 0.177027 1.956116 3.169169
3122 0.173033 1.956006 3.169169
3124 0.169039 1.955896 3.169169
3126 0.165045 1.955786 3.169169
3128 0.161000 1.955673 3.169563
3130 0.157006 1.955562 3.169563
3132 0.153012 1.955451 3.169563
3134 0.148967 1.955340 3.169169
3136 0.144973 1.955230 3.169169
3138 0.140979 1.955120 3.169169
3140 0.136985 1.955009 3.169169
3142 0.132991 1.954899 3.169169
3144 0.128998 1.954789 3.169169
3146 0.125004 1.954679 3.169169
3148 0.121010 1.954569 3.169169
3150 0.117016 1.954459 3.169169
3152 0.113022 1.954348 3.169169
3154 0.109028 1.954237 3.169169
3156 0.105034 1.954126 3.169169
3158 0.101040 1.954016 3.169169
3160 0.097046 1.953905 3.169169
3162 0.093052 1.953795 3.169169
3164 0.089058 1.953685 3.169169
3166 0.085064 1.953575 3.169169
3168 0.081070 1.953465 3.169169
3170 0.077077 1.953355 3.169169
3172 0.073083 1.953244 3.169169
3174 0.069038 1.953132 3.169563
3176 0.065044 1.953021 3.169563
3178 0.061050 1.952910 3.169563
3180 0.057005 1.952798 3.169169
3182 0.053011 1.952688 3.169169
3184 0.049017 1.952578 3.169169
3186 0.045023 1.952468 3.169169
3188 0.041029 1.952358 3.169169
3190 0.037035 1.952248 3.169169
3192 0.033041 1.952138 3.169169
3194 0.029047 1.952027 3.169169
3196 0.025053 1.951917 3.169169
3198 0.021059 1.951806 3.169169
3200 0.017065 1.951695 3.169169
3202 0.013071 1.951584 3.169169
3204 0.009078 1.951474 3.169169
3206 0.005084 1.951364 3.169169
3208 0.001090 1.951254 3.169169
3210 -0.002904 1.951144 3.169169
3212 -0.006898 1.951033 3.169169
3214 -0.010892 1.950923 3.169169
3216 -0.014886 1.950813 3.169169
3218 -0.018880 1.950703 3.169169
3220 -0.022925 1.950591 3.169563
3222 -0.026919 1.950480 3.169563
3224 -0.026919 1.950480 3.169563
3226 -0.026970 1.950477 3.199903
3228 -0.026970 1.950477 3.230637
3230 -0.026970 1.950477 3.261372
3232 -0.026970 1.950477 3.292106
3234 -0.026970 1.950477 3.322840
3236 -0.026970 1.950477 3.353574
3238 -0.026970 1.950477 3.384308
3240 -0.026970 1.950477 3.415043
3242 -0.026970 1.950477 3.445777
3244 -0.026970 1.950477 3.476511
3246 -0.026970 1.950477 3.507245
3248 -0.026970 1.950477 3.537979
3250 -0.026970 1.950477 3.568714
3252 -0.026970 1.950477 3.599448
3254 -0.026970 1.950477 3.630182
3256 -0.026970 1.950477 3.660916
3258 -0.026970 1.950477 3.691650
3260 -0.026970 1.950477 3.722385
3262 -0.026970 1.950477 3.753119
3264 -0.026970 1.950477 3.783853
3266 -0.026970 1.950477 3.814587
3268 -0.026970 1.950477 3.846109
3270 -0.026970 1.950477 3.876844
3272 -0.026970 1.950477 3.907578
3274 -0.026970 1.950477 3.938312
3276 -0.026970 1.950477 3.969046
3278 -0.026970 1.950477 3.999780
3280 -0.026970 1.950477 4.030515
3282 -0.026970 1.950477 4.061249
3284 -0.026970 1.950477 4.091983
3286 -0.026970 1.950477 4.122717
3288 -0.026970 1.950477 4.153451
3290 -0.026970 1.950477 4.184186
3292 -0.026970 1.950477 4.214920
3294 -0.026970 1.950477 4.245654
3296 -0.026970 1.950477 4.276388
3298 -0.026970 1.950477 4.307122
3300 -0.026970 1.950477 4.337857
3302 -0.026970 1.950477 4.368591
3304 -0.026970 1.950477 4.399325
3306 -0.026970 1.950477 4.430059
3308 -0.026970 1.950477 4.460793
3310 -0.026970 1.950477 4.491528
3312 -0.026970 1.950477 4.522262
3314 -0.026970 1.950477 4.553784
3316 -0.026970 1.950477 4.584518
3318 -0.026970 1.950477 4.615253
3320 -0.026970 1.950477 4.645987
3322 -0.026970 1.950477 4.676721
3324 -0.026970 1.950477 4.707455
3326 -0.026970 1.950477 4.738189
3328 -0.026970 1.950477 4.753162
3330 -0.026889 1.948533 4.753950
3332 -0.026724 1.944541 4.753950
3334 -0.026559 1.940549 4.753950
3336 -0.026394 1.936557 4.753950
3338 -0.026228 1.932565 4.753950
3340 -0.026062 1.928573 4.753950
3342 -0.025896 1.924581 4.753950
3344 -0.025729 1.920537 4.753556
3346 -0.025564 1.916545 4.753556
3348 -0.025399 1.912553 4.753556
3350 -0.025233 1.908561 4.753556
3352 -0.025068 1.904569 4.753556
3354 -0.024903 1.900577 4.753556
3356 -0.024738 1.896585 4.753556
3358 -0.024572 1.892593 4.753556
3360 -0.024407 1.888601 4.753556
3362 -0.024239 1.884558 4.753950
3364 -0.024073 1.880566 4.753950
3366 -0.023907 1.876574 4.753950
3368 -0.023742 1.872582 4.753950
3370 -0.023577 1.868590 4.753950
3372 -0.023411 1.864598 4.753950
3374 -0.023246 1.860606 4.753950
3376 -0.023081 1.856614 4.753950
3378 -0.022916 1.852622 4.753950
3380 -0.022751 1.848630 4.753950
3382 -0.022585 1.844638 4.753950
3384 -0.022420 1.840646 4.753950
3386 -0.022254 1.836654 4.753950
3388 -0.022088 1.832662 4.753950
3390 -0.021921 1.828619 4.753556
3392 -0.021755 1.824626 4.753556
3394 -0.021590 1.820634 4.753556
3396 -0.021425 1.816642 4.753556
3398 -0.021260 1.812650 4.753556
3400 -0.021095 1.808658 4.753556
3402 -0.020929 1.804666 4.753556
3404 -0.020764 1.800674 4.753556
3406 -0.020599 1.796682 4.753556
3408 -0.020431 1.792639 4.753950
3410 -0.020265 1.788647 4.753950
3412 -0.020099 1.784655 4.753950
3414 -0.019934 1.780663 4.753950
3416 -0.019768 1.776671 4.753950
3418 -0.019603 1.772679 4.753950
3420 -0.019438 1.768687 4.753950
3422 -0.019273 1.764695 4.753950
3424 -0.019107 1.760703 4.753950
3426 -0.018942 1.756711 4.753950
3428 -0.018777 1.752719 4.753950
3430 -0.018612 1.748727 4.753950
3432 -0.018446 1.744735 4.753950
3434 -0.018280 1.740743 4.753950
3436 -0.018112 1.736700 4.753556
3438 -0.017947 1.732708 4.753556
3440 -0.017782 1.728716 4.753556
3442 -0.017617 1.724724 4.753556
3444 -0.017452 1.720732 4.753556
3446 -0.017286 1.716740 4.753556
3448 -0.017121 1.712747 4.753556
3450 -0.016956 1.708755 4.753556
3452 -0.016791 1.704763 4.753556
3454 -0.016623 1.700720 4.753950
3456 -0.016456 1.696728 4.753950
3458 -0.016290 1.692736 4.753950
3460 -0.016125 1.688744 4.753950
3462 -0.015960 1.684752 4.753950
3464 -0.015795 1.680760 4.753950
3466 -0.015630 1.676768 4.753950
3468 -0.015464 1.672776 4.753950
3470 -0.015299 1.668784 4.753950
3472 -0.015134 1.664792 4.753950
3474 -0.014969 1.660800 4.753950
3476 -0.014803 1.656808 4.753950
3478 -0.014637 1.652816 4.753950
3480 -0.014471 1.648824 4.753950
3482 -0.014304 1.644781 4.753556
3484 -0.014139 1.640789 4.753556
3486 -0.013974 1.636797 4.753556
3488 -0.013808 1.632805 4.753556
3490 -0.013643 1.628813 4.753556
3492 -0.013478 1.624821 4.753556
3494 -0.013313 1.620829 4.753556
3496 -0.013148 1.616837 4.753556
3498 -0.012982 1.612845 4.753556
3500 -0.012814 1.608801 4.753950
3502 -0.012648 1.604809 4.753950
3504 -0.012482 1.600817 4.753950
3506 -0.012317 1.596825 4.753950
3508 -0.012152 1.592833 4.753950
3510 -0.011987 1.588841 4.753950
3512 -0.011821 1.584849 4.753950
3514 -0.011656 1.580857 4.753950
3516 -0.011491 1.576865 4.753950
3518 -0.011326 1.572873 4.753950
3520 -0.011160 1.568881 4.753950
3522 -0.010995 1.564889 4.753950
3524 -0.010829 1.560897 4.753950
3526 -0.010663 1.556905 4.753950
3528 -0.010496 1.552862 4.753556
3530 -0.010331 1.548870 4.753556
3532 -0.010165 1.544878 4.753556
3534 -0.010000 1.540886 4.753556
3536 -0.009835 1.536894 4.753556
3538 -0.009670 1.532902 4.753556
3540 -0.009504 1.528910 4.753556
3542 -0.009339 1.524918 4.753556
3544 -0.009174 1.520926 4.753556
3546 -0.009006 1.516883 4.753950
3548 -0.008840 1.512891 4.753950
3550 -0.008674 1.508899 4.753950
3552 -0.008509 1.504907 4.753950
3554 -0.008343 1.500915 4.753950
3556 -0.008178 1.496922 4.753950
3558 -0.008013 1.492930 4.753950
3560 -0.007848 1.488938 4.753950
3562 -0.007683 1.484946 4.753950
3564 -0.007517 1.480954 4.753950
3566 -0.007352 1.476962 4.753950
3568 -0.007187 1.472970 4.753950
3570 -0.007021 1.468978 4.753950
3572 -0.006855 1.464986 4.753950
3574 -0.006688 1.460943 4.753556
3576 -0.006522 1.456951 4.753556
3578 -0.006357 1.452959 4.753556
3580 -0.006192 1.448967 4.753556
3582 -0.006027 1.444975 4.753556
3584 -0.005861 1.440983 4.753556
3586 -0.005696 1.436991 4.753556
3588 -0.005531 1.432999 4.753556
3590 -0.005366 1.429007 4.753556
3592 -0.005198 1.424964 4.753950
3594 -0.005032 1.420972 4.753950
3596 -0.004866 1.416980 4.753950
3598 -0.004700 1.412988 4.753950
3600 -0.004535 1.408996 4.753950
3602 -0.004370 1.405004 4.753950
3604 -0.004205 1.401012 4.753950
3606 -0.004039 1.397020 4.753950
3608 -0.003874 1.393028 4.753950
3610 -0.003709 1.389036 4.753950
3612 -0.003544 1.385043 4.753950
3614 -0.003379 1.381051 4.753950
3616 -0.003213 1.377059 4.753950
3618 -0.003047 1.373067 4.753950
3620 -0.002879 1.369024 4.753556
3622 -0.002714 1.365032 4.753556
3624 -0.002549 1.361040 4.753556
3626 -0.002384 1.357048 4.753556
3628 -0.002218 1.353056 4.753556
3630 -0.002053 1.349064 4.753556
3632 -0.001888 1.345072 4.753556
3634 -0.001723 1.341080 4.753556
3636 -0.001557 1.337088 4.753556
3638 -0.001389 1.333045 4.753950
3640 -0.001223 1.329053 4.753950
3642 -0.001057 1.325061 4.753950
3644 -0.000892 1.321069 4.753950
3646 -0.000727 1.317077 4.753950
3648 -0.000562 1.313085 4.753950
3650 -0.000396 1.309093 4.753950
3652 -0.000231 1.305101 4.753950
3654 -0.000066 1.301109 4.753950
3656 0.000099 1.297117 4.753950
3658 0.000265 1.293125 4.753950
3660 0.000430 1.289133 4.753950
3662 0.000596 1.285141 4.753950
3664 0.000762 1.281149 4.753950
3666 0.000929 1.277105 4.753556
3668 0.001094 1.273113 4.753556
3670 0.001260 1.269121 4.753556
3672 0.001425 1.265129 4.753556
3674 0.001590 1.261137 4.753556
3676 0.001755 1.257145 4.753556
3678 0.001920 1.253153 4.753556
3680 0.002086 1.249161 4.753556
3682 0.002251 1.245169 4.753556
3684 0.002419 1.241126 4.753950
3686 0.002585 1.237134 4.753950
3688 0.002751 1.233142 4.753950
3690 0.002916 1.229150 4.753950
3692 0.003081 1.225158 4.753950
3694 0.003247 1.221166 4.753950
3696 0.003412 1.217174 4.753950
3698 0.003577 1.213182 4.753950
3700 0.003742 1.209190 4.753950
3702 0.003908 1.205198 4.753950
3704 0.004073 1.201206 4.753950
3706 0.004238 1.197214 4.753950
3708 0.004404 1.193222 4.753950
3710 0.004570 1.189230 4.753950
3712 0.004737 1.185187 4.753556
3714 0.004903 1.181195 4.753556
3716 0.005068 1.177203 4.753556
3718 0.005233 1.173210 4.753556
3720 0.005398 1.169218 4.753556
3722 0.005564 1.165226 4.753556
3724 0.005729 1.161234 4.753556
3726 0.005894 1.157242 4.753556
3728 0.006059 1.153250 4.753556
3730 0.006227 1.149207 4.753950
3732 0.006393 1.145215 4.753950
3734 0.006559 1.141223 4.753950
3736 0.006725 1.137231 4.753950
3738 0.006890 1.133239 4.753950
3740 0.007055 1.129247 4.753950
3742 0.007220 1.125255 4.753950
3744 0.007385 1.121263 4.753950
3746 0.007551 1.117271 4.753950
3748 0.007716 1.113279 4.753950
3750 0.007881 1.109287 4.753950
3752 0.008046 1.105295 4.753950
3754 0.008212 1.101303 4.753950
3756 0.008378 1.097311 4.753950
3758 0.008546 1.093268 4.753556
3760 0.008711 1.089276 4.753556
3762 0.008876 1.085284 4.753556
3764 0.009041 1.081292 4.753556
3766 0.009207 1.077300 4.753556
3768 0.009372 1.073308 4.753556
3770 0.009537 1.069316 4.753556
3772 0.009702 1.065324 4.753556
3774 0.009867 1.061331 4.753556
3776 0.010036 1.057288 4.753950
3778 0.010202 1.053296 4.753950
3780 0.010368 1.049304 4.753950
3782 0.010533 1.045312 4.753950
3784 0.010698 1.041320 4.753950
3786 0.010863 1.037328 4.753950
3788 0.011029 1.033336 4.753950
3790 0.011194 1.029344 4.753950
3792 0.011359 1.025352 4.753950
3794 0.011524 1.021360 4.753950
3796 0.011689 1.017368 4.753950
3798 0.011855 1.013376 4.753950
3800 0.012021 1.009384 4.753950
3802 0.012187 1.005392 4.753950
3804 0.012354 1.001349 4.753556
3806 0.012519 0.997357 4.753556
3808 0.012684 0.993365 4.753556
3810 0.012850 0.989373 4.753556
3812 0.013015 0.985381 4.753556
3814 0.013180 0.981389 4.753556
3816 0.013345 0.977397 4.753556
3818 0.013511 0.973405 4.753556
3820 0.013676 0.969413 4.753556
3822 0.013844 0.965369 4.753950
3824 0.014010 0.961377 4.753950
3826 0.014176 0.957385 4.753950
3828 0.014341 0.953393 4.753950
3830 0.014506 0.949401 4.753950
3832 0.014672 0.945409 4.753950
3834 0.014837 0.941417 4.753950
3836 0.015002 0.937425 4.753950
3838 0.015167 0.933433 4.753950
3840 0.015332 0.929441 4.753950
3842 0.015498 0.925449 4.753950
3844 0.015663 0.921457 4.753950
3846 0.015829 0.917465 4.753950
3848 0.015995 0.913473 4.753950
3850 0.016162 0.909430 4.753556
3852 0.016328 0.905438 4.753556
3854 0.016493 0.901446 4.753556
3856 0.016658 0.897454 4.753556
3858 0.016823 0.893462 4.753556
3860 0.016988 0.889470 4.753556
3862 0.017154 0.885478 4.753556
3864 0.017319 0.881486 4.753556
3866 0.017484 0.877494 4.753556
3868 0.017652 0.873451 4.753950
3870 0.017818 0.869459 4.753950
3872 0.017984 0.865467 4.753950
3874 0.018149 0.861475 4.753950
3876 0.018315 0.857483 4.753950
3878 0.018480 0.853491 4.753950
3880 0.018645 0.849499 4.753950
3882 0.018810 0.845506 4.753950
3884 0.018976 0.841514 4.753950
3886 0.019141 0.837522 4.753950
3888 0.019306 0.833530 4.753950
3890 0.019471 0.829538 4.753950
3892 0.019637 0.825546 4.753950
3894 0.019803 0.821554 4.753950
3896 0.019971 0.817511 4.753556
3898 0.020136 0.813519 4.753556
3900 0.020301 0.809527 4.753556
3902 0.020466 0.805535 4.753556
3904 0.020631 0.801543 4.753556
3906 0.020797 0.797551 4.753556
3908 0.020962 0.793559 4.753556
3910 0.021127 0.789567 4.753556
3912 0.021292 0.785575 4.753556
3914 0.021461 0.781532 4.753950
3916 0.021627 0.777540 4.753950
3918 0.021793 0.773548 4.753950
3920 0.021959 0.769556 4.753950
3922 0.022124 0.765564 4.753950
3924 0.022289 0.761572 4.753950
3926 0.022454 0.757580 4.753950
3928 0.022619 0.753588 4.753950
3930 0.022785 0.749596 4.753950
3932 0.022950 0.745604 4.753950
3934 0.023115 0.741612 4.753950
3936 0.023280 0.737620 4.753950
3938 0.023446 0.733628 4.753950
3940 0.023612 0.729636 4.753950
3942 0.023778 0.725644 4.753950
3944 0.023946 0.721600 4.753556
3946 0.024111 0.717608 4.753556
3948 0.024276 0.713616 4.753556
3950 0.024441 0.709624 4.753556
3952 0.024607 0.705632 4.753556
3954 0.024772 0.701640 4.753556
3956 0.024937 0.697648 4.753556
3958 0.025102 0.693656 4.753556
3960 0.025270 0.689613 4.753950
3962 0.025436 0.685621 4.753950
3964 0.025602 0.681629 4.753950
3966 0.025768 0.677637 4.753950
3968 0.025934 0.673645 4.753950
3970 0.026099 0.669653 4.753950
3972 0.026264 0.665661 4.753950
3974 0.026429 0.661669 4.753950
3976 0.026595 0.657677 4.753950
3978 0.026760 0.653685 4.753950
3980 0.026925 0.649693 4.753950
3982 0.027090 0.645701 4.753950
3984 0.027256 0.641709 4.753950
3986 0.027422 0.637717 4.753950
3988 0.027588 0.633725 4.753950
3990 0.027756 0.629682 4.753556
3992 0.027921 0.625690 4.753556
3994 0.028086 0.621698 4.753556
3996 0.028251 0.617705 4.753556
3998 0.028416 0.613713 4.753556
4000 0.028582 0.609721 4.753556
4002 0.028747 0.605729 4.753556
4004 0.028912 0.601737 4.753556
4006 0.029080 0.597694 4.753950
4008 0.029246 0.593702 4.753950
4010 0.029412 0.589710 4.753950
4012 0.029578 0.585718 4.753950
4014 0.029744 0.581726 4.753950
4016 0.029909 0.577734 4.753950
4018 0.030074 0.573742 4.753950
4020 0.030239 0.569750 4.753950
4022 0.030404 0.565758 4.753950
4024 0.030570 0.561766 4.753950
4026 0.030735 0.557774 4.753950
4028 0.030900 0.553782 4.753950
4030 0.031066 0.549790 4.753950
4032 0.031232 0.545798 4.753950
4034 0.031398 0.541806 4.753950
4036 0.031565 0.537763 4.753556
4038 0.031731 0.533771 4.753556
4040 0.031896 0.529779 4.753556
4042 0.032061 0.525787 4.753556
4044 0.032226 0.521795 4.753556
4046 0.032392 0.517803 4.753556
4048 0.032557 0.513811 4.753556
4050 0.032722 0.509819 4.753556
4052 0.032890 0.505775 4.753950
4054 0.033056 0.501783 4.753950
4056 0.033222 0.497791 4.753950
4058 0.033388 0.493799 4.753950
4060 0.033553 0.489807 4.753950
4062 0.033719 0.485815 4.753950
4064 0.033884 0.481823 4.753950
4066 0.034049 0.477831 4.753950
4068 0.034214 0.473839 4.753950
4070 0.034379 0.469847 4.753950
4072 0.034545 0.465855 4.753950
4074 0.034710 0.461863 4.753950
4076 0.034876 0.457871 4.753950
4078 0.035042 0.453879 4.753950
4080 0.035208 0.449887 4.753950
4082 0.035375 0.445844 4.753556
4084 0.035541 0.441852 4.753556
4086 0.035706 0.437860 4.753556
4088 0.035871 0.433868 4.753556
4090 0.036036 0.429876 4.753556
4092 0.036201 0.425884 4.753556
4094 0.036367 0.421892 4.753556
4096 0.036532 0.417900 4.753556
4098 0.036700 0.413857 4.753950
4100 0.036866 0.409865 4.753950
4102 0.037032 0.405873 4.753950
4104 0.037198 0.401881 4.753950
4106 0.037363 0.397889 4.753950
4108 0.037528 0.393897 4.753950
4110 0.037694 0.389905 4.753950
4112 0.037859 0.385913 4.753950
4114 0.038024 0.381921 4.753950
4116 0.038189 0.377928 4.753950
4118 0.038355 0.373936 4.753950
4120 0.038520 0.369944 4.753950
4122 0.038686 0.365952 4.753950
4124 0.038852 0.361960 4.753950
4126 0.039018 0.357968 4.753950
4128 0.039185 0.353925 4.753556
4130 0.039350 0.349933 4.753556
4132 0.039516 0.345941 4.753556
4134 0.039681 0.341949 4.753556
4136 0.039846 0.337957 4.753556
4138 0.040011 0.333965 4.753556
4140 0.040177 0.329973 4.753556
4142 0.040342 0.325981 4.753556
4144 0.040510 0.321938 4.753950
4146 0.040676 0.317946 4.753950
4148 0.040842 0.313954 4.753950
4150 0.041008 0.309962 4.753950
4152 0.041173 0.305970 4.753950
4154 0.041338 0.301978 4.753950
4156 0.041504 0.297986 4.753950
4158 0.041669 0.293994 4.753950
4160 0.041834 0.290002 4.753950
4162 0.041999 0.286010 4.753950
4164 0.042164 0.282018 4.753950
4166 0.042330 0.278026 4.753950
4168 0.042496 0.274034 4.753950
4170 0.042662 0.270042 4.753950
4172 0.042828 0.266050 4.753950
4174 0.042995 0.262006 4.753556
4176 0.043160 0.258014 4.753556
4178 0.043326 0.254022 4.753556
4180 0.043491 0.250030 4.753556
4182 0.043656 0.246038 4.753556
4184 0.043821 0.242046 4.753556
4186 0.043986 0.238054 4.753556
4188 0.044152 0.234062 4.753556
4190 0.044317 0.230070 4.753556
4192 0.044485 0.226027 4.753950
4194 0.044651 0.222035 4.753950
4196 0.044817 0.218043 4.753950
4198 0.044982 0.214051 4.753950
4200 0.045147 0.210059 4.753950
4202 0.045313 0.206067 4.753950
4204 0.045478 0.202075 4.753950
4206 0.045643 0.198083 4.753950
4208 0.045808 0.194091 4.753950
4210 0.045974 0.190099 4.753950
4212 0.046139 0.186107 4.753950
4214 0.046304 0.182115 4.753950
4216 0.046470 0.178123 4.753950
4218 0.046636 0.174131 4.753950
4220 0.046803 0.170088 4.753556
4222 0.046969 0.166096 4.753556
4224 0.047134 0.162104 4.753556
4226 0.047299 0.158112 4.753556
4228 0.047464 0.154119 4.753556
4230 0.047629 0.150127 4.753556
4232 0.047795 0.146135 4.753556
4234 0.047960 0.142143 4.753556
4236 0.048125 0.138151 4.753556
4238 0.048293 0.134108 4.753950
4240 0.048459 0.130116 4.753950
4242 0.048625 0.126124 4.753950
4244 0.048791 0.122132 4.753950
4246 0.048956 0.118140 4.753950
4248 0.049121 0.114148 4.753950
4250 0.049286 0.110156 4.753950
4252 0.049451 0.106164 4.753950
4254 0.049617 0.102172 4.753950
4256 0.049782 0.098180 4.753950
4258 0.049947 0.094188 4.753950
4260 0.050112 0.090196 4.753950
4262 0.050278 0.086204 4.753950
4264 0.050444 0.082212 4.753950
4266 0.050612 0.078169 4.753556
4268 0.050777 0.074177 4.753556
4270 0.050942 0.070185 4.753556
4272 0.051107 0.066193 4.753556
4274 0.051273 0.062201 4.753556
4276 0.051438 0.058209 4.753556
4278 0.051603 0.054217 4.753556
4280 0.051768 0.050225 4.753556
4282 0.051933 0.046233 4.753556
4284 0.052102 0.042189 4.753950
4286 0.052268 0.038197 4.753950
4288 0.052434 0.034205 4.753950
4290 0.052599 0.030213 4.753950
4292 0.052764 0.026221 4.753950
4294 0.052929 0.022229 4.753950
4296 0.053094 0.018237 4.753950
4298 0.053260 0.014245 4.753950
4300 0.053425 0.010253 4.753950
4302 0.053590 0.006261 4.753950
4304 0.053755 0.002269 4.753950
4306 0.053921 -0.001723 4.753950
4308 0.054087 -0.005715 4.753950
4310 0.054253 -0.009707 4.753950
4312 0.054420 -0.013750 4.753556
4314 0.054585 -0.017742 4.753556
4316 0.054750 -0.021734 4.753556
4318 0.054916 -0.025726 4.753556
4320 0.055081 -0.029718 4.753556
4322 0.055246 -0.033710 4.753556
4324 0.055411 -0.037702 4.753556
4326 0.055577 -0.041694 4.753556
4328 0.055742 -0.045686 4.753556
4330 0.055910 -0.049730 4.753950
4332 0.056076 -0.053722 4.753950
4334 0.056076 -0.053722 4.753950
4336 0.056080 -0.053773 4.784291
4338 0.056080 -0.053773 4.815025
4340 0.056081 -0.053772 4.845759
4342 0.056082 -0.053772 4.876493
4344 0.056083 -0.053772 4.907227
4346 0.056083 -0.053772 4.937962
4348 0.056084 -0.053772 4.968696
4350 0.056085 -0.053772 4.999430
4352 0.056086 -0.053771 5.030164
4354 0.056086 -0.053771 5.060898
4356 0.056067 -0.053723 5.092027
4358 0.056067 -0.053724 5.122761
4360 0.056066 -0.053724 5.153495
4362 0.056065 -0.053724 5.184229
4364 0.056065 -0.053725 5.214963
4366 0.056064 -0.053725 5.245698
4368 0.056063 -0.053726 5.276432
4370 0.056063 -0.053726 5.307166
4372 0.056062 -0.053727 5.337900
4374 0.056061 -0.053727 5.368634
4376 0.056061 -0.053728 5.399369
4378 0.056094 -0.053767 5.430497
4380 0.056094 -0.053766 5.461231
4382 0.056095 -0.053766 5.491965
4384 0.056096 -0.053765 5.522699
4386 0.056096 -0.053764 5.553434
4388 0.056097 -0.053764 5.584168
4390 0.056097 -0.053763 5.614902
4392 0.056098 -0.053763 5.645636
4394 0.056098 -0.053762 5.676370
4396 0.056098 -0.053761 5.707105
4398 0.056099 -0.053761 5.737839
4400 0.056099 -0.053760 5.768573
4402 0.056054 -0.053736 5.799701
4404 0.056054 -0.053737 5.830436
4406 0.056053 -0.053738 5.861170
4408 0.056053 -0.053738 5.891904
4410 0.056053 -0.053739 5.922638
4412 0.056052 -0.053740 5.953372
4414 0.056052 -0.053740 5.984107
4416 0.056052 -0.053741 6.014841
4418 0.056052 -0.053742 6.045575
4420 0.056052 -0.053743 6.076309
4422 0.056051 -0.053744 6.107043
4424 0.056102 -0.053752 6.138172
4426 0.056102 -0.053751 6.168906
4428 0.056102 -0.053750 6.199640
4430 0.056102 -0.053749 6.230374
4432 0.056102 -0.053749 6.261108
4434 0.056102 -0.053748 6.291843
4436 0.056102 -0.053747 6.322577
