0 0.000000 0.000000 0.000000
2 0.000000 0.000000 0.000000
4 0.003995 0.000000 0.000000
6 0.011986 0.000000 0.000000
8 0.019977 0.000000 0.000000
10 0.028019 0.000003 0.000394
12 0.036010 0.000006 0.000394
14 0.044052 0.000008 0.000000
16 0.052043 0.000008 0.000000
18 0.060034 0.000008 0.000000
20 0.068025 0.000008 0.000000
22 0.076016 0.000008 0.000000
24 0.084007 0.000008 0.000000
26 0.091998 0.000008 0.000000
28 0.099989 0.000008 0.000000
30 0.107979 0.000008 0.000000
32 0.116022 0.000009 0.000394
34 0.124012 0.000013 0.000394
36 0.132003 0.000016 0.000394
38 0.140046 0.000016 0.000000
40 0.148036 0.000016 0.000000
42 0.156027 0.000016 0.000000
44 0.164018 0.000016 0.000000
46 0.172009 0.000016 0.000000
48 0.180000 0.000016 0.000000
50 0.187991 0.000016 0.000000
52 0.195982 0.000016 0.000000
54 0.207968 0.000016 0.000000
56 0.216010 0.000019 0.000394
58 0.224001 0.000022 0.000394
60 0.232043 0.000022 0.000000
62 0.240034 0.000022 0.000000
64 0.248025 0.000022 0.000000
66 0.256016 0.000022 0.000000
68 0.264007 0.000022 0.000000
70 0.271998 0.000022 0.000000
72 0.279989 0.000022 0.000000
74 0.287979 0.000022 0.000000
76 0.295970 0.000022 0.000000
78 0.304012 0.000024 0.000394
80 0.312003 0.000027 0.000394
82 0.320045 0.000028 0.000000
84 0.328036 0.000028 0.000000
86 0.336027 0.000028 0.000000
88 0.344018 0.000028 0.000000
90 0.352009 0.000028 0.000000
92 0.360000 0.000028 0.000000
94 0.367991 0.000028 0.000000
96 0.375982 0.000028 0.000000
98 0.383973 0.000028 0.000000
100 0.391964 0.000028 0.000000
102 0.400006 0.000032 0.000394
104 0.407997 0.000035 0.000394
106 0.416039 0.000035 0.000000
108 0.424030 0.000035 0.000000
110 0.432020 0.000035 0.000000
112 0.440011 0.000035 0.000000
114 0.448002 0.000035 0.000000
116 0.455993 0.000035 0.000000
118 0.463984 0.000035 0.000000
120 0.471975 0.000035 0.000000
122 0.479966 0.000035 0.000000
124 0.488008 0.000036 0.000394
126 0.495999 0.000039 0.000394
128 0.504041 0.000041 0.000000
130 0.512032 0.000041 0.000000
132 0.520023 0.000041 0.000000
134 0.528014 0.000041 0.000000
136 0.536004 0.000041 0.000000
138 0.543995 0.000041 0.000000
140 0.551986 0.000041 0.000000
142 0.559977 0.000041 0.000000
144 0.567968 0.000041 0.000000
146 0.575959 0.000041 0.000000
148 0.584001 0.000044 0.000394
150 0.591992 0.000047 0.000394
152 0.600034 0.000047 0.000000
154 0.608025 0.000047 0.000000
156 0.616016 0.000047 0.000000
158 0.624007 0.000047 0.000000
160 0.631998 0.000047 0.000000
162 0.639989 0.000047 0.000000
164 0.647979 0.000047 0.000000
166 0.655970 0.000047 0.000000
168 0.663961 0.000047 0.000000
170 0.672003 0.000049 0.000394
172 0.679994 0.000052 0.000394
174 0.688036 0.000054 0.000000
176 0.696027 0.000054 0.000000
178 0.704018 0.000054 0.000000
180 0.712009 0.000054 0.000000
182 0.720000 0.000054 0.000000
184 0.727991 0.000054 0.000000
186 0.735982 0.000054 0.000000
188 0.743973 0.000054 0.000000
190 0.751963 0.000054 0.000000
192 0.759954 0.000054 0.000000
194 0.767996 0.000057 0.000394
196 0.775987 0.000060 0.000394
198 0.784029 0.000060 0.000000
200 0.792020 0.000060 0.000000
202 0.800011 0.000060 0.000000
204 0.808002 0.000060 0.000000
206 0.815993 0.000060 0.000000
208 0.823984 0.000060 0.000000
210 0.831975 0.000060 0.000000
212 0.839966 0.000060 0.000000
214 0.847957 0.000060 0.000000
216 0.855999 0.000062 0.000394
218 0.863990 0.000065 0.000394
220 0.872032 0.000066 0.000000
222 0.880023 0.000066 0.000000
224 0.888013 0.000066 0.000000
226 0.896004 0.000066 0.000000
228 0.903995 0.000066 0.000000
230 0.911986 0.000066 0.000000
232 0.919977 0.000066 0.000000
234 0.927968 0.000066 0.000000
236 0.935959 0.000066 0.000000
238 0.943950 0.000066 0.000000
240 0.951992 0.000069 0.000394
242 0.959983 0.000073 0.000394
244 0.968025 0.000073 0.000000
246 0.976016 0.000073 0.000000
248 0.984007 0.000073 0.000000
250 0.991998 0.000073 0.000000
252 0.999988 0.000073 0.000000
254 1.007979 0.000073 0.000000
256 1.015970 0.000073 0.000000
258 1.023961 0.000073 0.000000
260 1.031952 0.000073 0.000000
262 1.039994 0.000074 0.000394
264 1.047985 0.000077 0.000394
266 1.056027 0.000079 0.000000
268 1.064018 0.000079 0.000000
270 1.072009 0.000079 0.000000
272 1.080000 0.000079 0.000000
274 1.087991 0.000079 0.000000
276 1.095982 0.000079 0.000000
278 1.103972 0.000079 0.000000
280 1.111963 0.000079 0.000000
282 1.119954 0.000079 0.000000
284 1.127945 0.000079 0.000000
286 1.135987 0.000082 0.000394
288 1.143978 0.000085 0.000394
290 1.152020 0.000085 0.000000
292 1.160011 0.000085 0.000000
294 1.168002 0.000085 0.000000
296 1.175993 0.000085 0.000000
298 1.183984 0.000085 0.000000
300 1.191975 0.000085 0.000000
302 1.199966 0.000085 0.000000
304 1.207957 0.000085 0.000000
306 1.215947 0.000085 0.000000
308 1.223990 0.000087 0.000394
310 1.231980 0.000090 0.000394
312 1.240023 0.000092 0.000000
314 1.248013 0.000092 0.000000
316 1.256004 0.000092 0.000000
318 1.263995 0.000092 0.000000
320 1.271986 0.000092 0.000000
322 1.279977 0.000092 0.000000
324 1.287968 0.000092 0.000000
326 1.295959 0.000092 0.000000
328 1.303950 0.000092 0.000000
330 1.311941 0.000092 0.000000
332 1.319983 0.000095 0.000394
334 1.327974 0.000098 0.000394
336 1.336016 0.000098 0.000000
338 1.344007 0.000098 0.000000
340 1.351997 0.000098 0.000000
342 1.359988 0.000098 0.000000
344 1.367979 0.000098 0.000000
346 1.375970 0.000098 0.000000
348 1.383961 0.000098 0.000000
350 1.391952 0.000098 0.000000
352 1.399943 0.000098 0.000000
354 1.407985 0.000100 0.000394
356 1.415976 0.000103 0.000394
358 1.424018 0.000104 0.000000
360 1.432009 0.000104 0.000000
362 1.440000 0.000104 0.000000
364 1.447991 0.000104 0.000000
366 1.455982 0.000104 0.000000
368 1.463972 0.000104 0.000000
370 1.471963 0.000104 0.000000
372 1.479954 0.000104 0.000000
374 1.487945 0.000104 0.000000
376 1.495936 0.000104 0.000000
378 1.503978 0.000107 0.000394
380 1.511969 0.000111 0.000394
382 1.520011 0.000111 0.000000
384 1.528002 0.000111 0.000000
386 1.535993 0.000111 0.000000
388 1.543984 0.000111 0.000000
390 1.551975 0.000111 0.000000
392 1.559966 0.000111 0.000000
394 1.567956 0.000111 0.000000
396 1.575947 0.000111 0.000000
398 1.583938 0.000111 0.000000
400 1.591980 0.000112 0.000394
402 1.599971 0.000115 0.000394
404 1.608013 0.000117 0.000000
406 1.616004 0.000117 0.000000
408 1.623995 0.000117 0.000000
410 1.631986 0.000117 0.000000
412 1.639977 0.000117 0.000000
414 1.647968 0.000117 0.000000
416 1.655959 0.000117 0.000000
418 1.663950 0.000117 0.000000
420 1.671941 0.000117 0.000000
422 1.679931 0.000117 0.000000
424 1.687974 0.000120 0.000394
426 1.695964 0.000123 0.000394
428 1.704007 0.000123 0.000000
430 1.711997 0.000123 0.000000
432 1.719988 0.000123 0.000000
434 1.727979 0.000123 0.000000
436 1.735970 0.000123 0.000000
438 1.743961 0.000123 0.000000
440 1.751952 0.000123 0.000000
442 1.759943 0.000123 0.000000
444 1.767934 0.000123 0.000000
446 1.775976 0.000125 0.000394
448 1.783967 0.000128 0.000394
450 1.792009 0.000129 0.000000
452 1.800000 0.000129 0.000000
454 1.807991 0.000129 0.000000
456 1.815981 0.000129 0.000000
458 1.823972 0.000129 0.000000
460 1.831963 0.000129 0.000000
462 1.839954 0.000129 0.000000
464 1.847945 0.000129 0.000000
466 1.855936 0.000129 0.000000
468 1.863927 0.000129 0.000000
470 1.871969 0.000133 0.000394
472 1.879960 0.000136 0.000394
474 1.888002 0.000136 0.000000
476 1.895993 0.000136 0.000000
478 1.903984 0.000136 0.000000
480 1.911975 0.000136 0.000000
482 1.923961 0.000136 0.000000
484 1.931952 0.000136 0.000000
486 1.939943 0.000136 0.000000
488 1.947934 0.000136 0.000000
490 1.955925 0.000136 0.000000
492 1.963967 0.000139 0.000394
494 1.971958 0.000142 0.000394
496 1.980000 0.000142 0.000000
498 1.987991 0.000142 0.000000
500 1.995981 0.000142 0.000000
502 2.003972 0.000142 0.000000
504 2.011963 0.000142 0.000000
506 2.011963 0.000142 0.000000
508 2.012014 0.000143 0.030340
510 2.012014 0.000143 0.061074
512 2.012014 0.000143 0.091809
514 2.012014 0.000143 0.122543
516 2.012014 0.000143 0.153277
518 2.012014 0.000143 0.184011
520 2.012014 0.000143 0.214745
522 2.012014 0.000143 0.245480
524 2.012014 0.000143 0.276214
526 2.012014 0.000143 0.307736
528 2.012014 0.000143 0.338470
530 2.012014 0.000143 0.369204
532 2.012014 0.000143 0.399939
534 2.012014 0.000143 0.430673
536 2.012014 0.000143 0.461407
538 2.012014 0.000143 0.492141
540 2.012014 0.000143 0.522875
542 2.012014 0.000143 0.553610
544 2.012014 0.000143 0.584344
546 2.012014 0.000143 0.615078
548 2.012014 0.000143 0.645812
550 2.012014 0.000143 0.676546
552 2.012014 0.000143 0.707281
554 2.012014 0.000143 0.738015
556 2.012014 0.000143 0.768749
558 2.012014 0.000143 0.799483
560 2.012014 0.000143 0.830217
562 2.012014 0.000143 0.860952
564 2.012014 0.000143 0.891686
566 2.012014 0.000143 0.922420
568 2.012014 0.000143 0.953154
570 2.012014 0.000143 0.983888
572 2.012014 0.000143 1.015411
574 2.012014 0.000143 1.046145
576 2.012014 0.000143 1.076879
578 2.012014 0.000143 1.107613
580 2.012014 0.000143 1.138348
582 2.012014 0.000143 1.169082
584 2.012014 0.000143 1.199816
586 2.012014 0.000143 1.230550
588 2.012014 0.000143 1.261284
590 2.012014 0.000143 1.292019
592 2.012014 0.000143 1.322753
594 2.012014 0.000143 1.353487
596 2.012014 0.000143 1.384221
598 2.012014 0.000143 1.414955
600 2.012014 0.000143 1.445690
602 2.012014 0.000143 1.476424
604 2.012014 0.000143 1.507158
606 2.012014 0.000143 1.537892
608 2.012014 0.000143 1.568626
610 2.012014 0.000143 1.584387
612 2.011959 0.004087 1.584781
614 2.011848 0.012077 1.584781
616 2.011736 0.020067 1.584781
618 2.011624 0.028057 1.584781
620 2.011515 0.036098 1.584387
622 2.011406 0.044089 1.584387
624 2.011298 0.052079 1.584387
626 2.011189 0.060069 1.584387
628 2.011076 0.068110 1.584781
630 2.010965 0.076100 1.584781
632 2.010853 0.084090 1.584781
634 2.010741 0.092081 1.584781
636 2.010629 0.100071 1.584781
638 2.010518 0.108061 1.584781
640 2.010406 0.116051 1.584781
642 2.010295 0.124092 1.584387
644 2.010186 0.132082 1.584387
646 2.010078 0.140073 1.584387
648 2.009969 0.148063 1.584387
650 2.009858 0.156104 1.584781
652 2.009747 0.164094 1.584781
654 2.009635 0.172084 1.584781
656 2.009523 0.180074 1.584781
658 2.009411 0.188065 1.584781
660 2.009300 0.196055 1.584781
662 2.009188 0.204045 1.584781
664 2.009076 0.212035 1.584781
666 2.008967 0.220076 1.584387
668 2.008858 0.228066 1.584387
670 2.008750 0.236057 1.584387
672 2.008641 0.244047 1.584387
674 2.008529 0.252088 1.584781
676 2.008417 0.260078 1.584781
678 2.008305 0.268068 1.584781
680 2.008193 0.276058 1.584781
682 2.008082 0.284048 1.584781
684 2.007970 0.292039 1.584781
686 2.007858 0.300029 1.584781
688 2.007747 0.308070 1.584387
690 2.007639 0.316060 1.584387
692 2.007530 0.324050 1.584387
694 2.007421 0.332041 1.584387
696 2.007310 0.340082 1.584781
698 2.007199 0.348072 1.584781
700 2.007087 0.356062 1.584781
702 2.006975 0.364052 1.584781
704 2.006863 0.372042 1.584781
706 2.006752 0.380032 1.584781
708 2.006640 0.388023 1.584781
710 2.006528 0.396013 1.584781
712 2.006419 0.404054 1.584387
714 2.006310 0.412044 1.584387
716 2.006202 0.420034 1.584387
718 2.006093 0.428024 1.584387
720 2.005981 0.436066 1.584781
722 2.005869 0.444056 1.584781
724 2.005757 0.452046 1.584781
726 2.005645 0.460036 1.584781
728 2.005534 0.468026 1.584781
730 2.005422 0.476016 1.584781
732 2.005310 0.484006 1.584781
734 2.005199 0.492048 1.584387
736 2.005091 0.500038 1.584387
738 2.004982 0.508028 1.584387
740 2.004873 0.516018 1.584387
742 2.004763 0.524060 1.584781
744 2.004651 0.532050 1.584781
746 2.004539 0.540040 1.584781
748 2.004427 0.548030 1.584781
750 2.004316 0.556020 1.584781
752 2.004204 0.564010 1.584781
754 2.004092 0.572000 1.584781
756 2.003980 0.579990 1.584781
758 2.003871 0.588032 1.584387
760 2.003762 0.596022 1.584387
762 2.003654 0.604012 1.584387
764 2.003545 0.612002 1.584387
766 2.003433 0.620044 1.584781
768 2.003321 0.628034 1.584781
770 2.003209 0.636024 1.584781
772 2.003098 0.644014 1.584781
774 2.002986 0.652004 1.584781
776 2.002874 0.659994 1.584781
778 2.002762 0.667984 1.584781
780 2.002651 0.675974 1.584781
782 2.002541 0.684016 1.584387
784 2.002433 0.692006 1.584387
786 2.002324 0.699996 1.584387
788 2.002213 0.708037 1.584781
790 2.002101 0.716027 1.584781
792 2.001990 0.724018 1.584781
794 2.001878 0.732008 1.584781
796 2.001766 0.739998 1.584781
798 2.001654 0.747988 1.584781
800 2.001543 0.755978 1.584781
802 2.001431 0.763968 1.584781
804 2.001320 0.772010 1.584387
806 2.001211 0.780000 1.584387
808 2.001103 0.787990 1.584387
810 2.000994 0.795980 1.584387
812 2.000882 0.804021 1.584781
814 2.000770 0.812011 1.584781
816 2.000658 0.820002 1.584781
818 2.000546 0.827992 1.584781
820 2.000435 0.835982 1.584781
822 2.000323 0.843972 1.584781
824 2.000211 0.851962 1.584781
826 2.000099 0.859952 1.584781
828 1.999990 0.867993 1.584387
830 1.999882 0.875984 1.584387
832 1.999773 0.883974 1.584387
834 1.999662 0.892015 1.584781
836 1.999550 0.900005 1.584781
838 1.999439 0.907995 1.584781
840 1.999327 0.915985 1.584781
842 1.999215 0.923976 1.584781
844 1.999103 0.931966 1.584781
846 1.998992 0.939956 1.584781
848 1.998880 0.947946 1.584781
850 1.998769 0.955987 1.584387
852 1.998660 0.963977 1.584387
854 1.998552 0.971968 1.584387
856 1.998443 0.979958 1.584387
858 1.998331 0.987999 1.584781
860 1.998163 0.999984 1.584781
862 1.997995 1.011969 1.584781
864 1.997884 1.019959 1.584781
866 1.997772 1.027950 1.584781
868 1.997660 1.035940 1.584781
870 1.997548 1.043930 1.584781
872 1.997439 1.051971 1.584387
874 1.997331 1.059961 1.584387
876 1.997222 1.067951 1.584387
878 1.997111 1.075993 1.584781
880 1.996999 1.083983 1.584781
882 1.996888 1.091973 1.584781
884 1.996776 1.099963 1.584781
886 1.996664 1.107953 1.584781
888 1.996552 1.115943 1.584781
890 1.996441 1.123933 1.584781
892 1.996329 1.131924 1.584781
894 1.996218 1.139965 1.584387
896 1.996109 1.147955 1.584387
898 1.996001 1.155945 1.584387
900 1.995892 1.163935 1.584387
902 1.995780 1.171977 1.584781
904 1.995668 1.179967 1.584781
906 1.995556 1.187957 1.584781
908 1.995444 1.195947 1.584781
910 1.995333 1.203937 1.584781
912 1.995221 1.211927 1.584781
914 1.995109 1.219917 1.584781
916 1.994997 1.227908 1.584781
918 1.994888 1.235949 1.584387
920 1.994779 1.243939 1.584387
922 1.994671 1.251929 1.584387
924 1.994560 1.259971 1.584781
926 1.994448 1.267961 1.584781
928 1.994336 1.275951 1.584781
930 1.994225 1.283941 1.584781
932 1.994113 1.291931 1.584781
934 1.994001 1.299921 1.584781
936 1.993889 1.307911 1.584781
938 1.993778 1.315901 1.584781
940 1.993667 1.323943 1.584387
942 1.993558 1.331933 1.584387
944 1.993450 1.339923 1.584387
946 1.993341 1.347913 1.584387
948 1.993229 1.355954 1.584781
950 1.993117 1.363945 1.584781
952 1.993005 1.371935 1.584781
954 1.992893 1.379925 1.584781
956 1.992782 1.387915 1.584781
958 1.992670 1.395905 1.584781
960 1.992558 1.403895 1.584781
962 1.992446 1.411885 1.584781
964 1.992337 1.419927 1.584387
966 1.992228 1.427917 1.584387
968 1.992120 1.435907 1.584387
970 1.992009 1.443948 1.584781
972 1.991897 1.451938 1.584781
974 1.991785 1.459929 1.584781
976 1.991674 1.467919 1.584781
978 1.991562 1.475909 1.584781
980 1.991450 1.483899 1.584781
982 1.991338 1.491889 1.584781
984 1.991227 1.499879 1.584781
986 1.991116 1.507920 1.584387
988 1.991007 1.515911 1.584387
990 1.990899 1.523901 1.584387
992 1.990790 1.531891 1.584387
994 1.990678 1.539932 1.584781
996 1.990566 1.547922 1.584781
998 1.990454 1.555912 1.584781
1000 1.990342 1.563903 1.584781
1002 1.990231 1.571893 1.584781
1004 1.990119 1.579883 1.584781
1006 1.990007 1.587873 1.584781
1008 1.989895 1.595863 1.584781
1010 1.989786 1.603904 1.584387
1012 1.989677 1.611895 1.584387
1014 1.989569 1.619885 1.584387
1016 1.989458 1.627926 1.584781
1018 1.989346 1.635916 1.584781
1020 1.989234 1.643906 1.584781
1022 1.989123 1.651896 1.584781
1024 1.989011 1.659886 1.584781
1026 1.988899 1.667877 1.584781
1028 1.988787 1.675867 1.584781
1030 1.988676 1.683857 1.584781
1032 1.988565 1.691898 1.584387
1034 1.988456 1.699888 1.584387
1036 1.988348 1.707878 1.584387
1038 1.988239 1.715869 1.584387
1040 1.988127 1.723910 1.584781
1042 1.988015 1.731900 1.584781
1044 1.987903 1.739890 1.584781
1046 1.987791 1.747880 1.584781
1048 1.987680 1.755870 1.584781
1050 1.987568 1.763860 1.584781
1052 1.987456 1.771851 1.584781
1054 1.987344 1.779841 1.584781
1056 1.987235 1.787882 1.584387
1058 1.987126 1.795872 1.584387
1060 1.987018 1.803862 1.584387
1062 1.986907 1.811904 1.584781
1064 1.986795 1.819894 1.584781
1066 1.986683 1.827884 1.584781
1068 1.986572 1.835874 1.584781
1070 1.986460 1.843864 1.584781
1072 1.986348 1.851854 1.584781
1074 1.986236 1.859844 1.584781
1076 1.986125 1.867835 1.584781
1078 1.986014 1.875876 1.584387
1080 1.985905 1.883866 1.584387
1082 1.985797 1.891856 1.584387
1084 1.985688 1.899846 1.584387
1086 1.985575 1.907888 1.584781
1088 1.985464 1.915878 1.584781
1090 1.985352 1.923868 1.584781
1092 1.985240 1.931858 1.584781
1094 1.985128 1.939848 1.584781
1096 1.985017 1.947838 1.584781
1098 1.984905 1.955828 1.584781
1100 1.984793 1.963818 1.584781
1102 1.984684 1.971860 1.584387
1104 1.984575 1.979850 1.584387
1106 1.984467 1.987840 1.584387
1108 1.984356 1.995881 1.584781
1110 1.984244 2.003872 1.584781
1112 1.984132 2.011862 1.584781
1114 1.984132 2.011862 1.584781
1116 1.984130 2.011913 1.615122
1118 1.984129 2.011913 1.645856
1120 1.984128 2.011913 1.676590
1122 1.984128 2.011913 1.707324
1124 1.984127 2.011913 1.738058
1126 1.984126 2.011912 1.768793
1128 1.984125 2.011912 1.799527
1130 1.984125 2.011912 1.830261
1132 1.984125 2.011912 1.860995
1134 1.984125 2.011912 1.891729
1136 1.984125 2.011912 1.922464
1138 1.984144 2.011864 1.953592
1140 1.984144 2.011865 1.984326
1142 1.984145 2.011865 2.015060
1144 1.984146 2.011865 2.045795
1146 1.984147 2.011866 2.076529
1148 1.984147 2.011866 2.107263
1150 1.984148 2.011867 2.137997
1152 1.984149 2.011867 2.168731
1154 1.984119 2.011909 2.199860
1156 1.984119 2.011909 2.230594
1158 1.984119 2.011909 2.261328
1160 1.984119 2.011909 2.292062
1162 1.984119 2.011908 2.322796
1164 1.984118 2.011908 2.353531
1166 1.984117 2.011907 2.384265
1168 1.984117 2.011907 2.414999
1170 1.984116 2.011906 2.445733
1172 1.984116 2.011906 2.476467
1174 1.984115 2.011905 2.507202
1176 1.984115 2.011904 2.537936
1178 1.984115 2.011904 2.568670
1180 1.984115 2.011904 2.599404
1182 1.984115 2.011904 2.630138
1184 1.984160 2.011881 2.661267
1186 1.984161 2.011881 2.692001
1188 1.984161 2.011882 2.722735
1190 1.984161 2.011883 2.753469
1192 1.984162 2.011883 2.784203
1194 1.984162 2.011884 2.814938
1196 1.984162 2.011885 2.845672
1198 1.984162 2.011886 2.876406
1200 1.984113 2.011898 2.907534
1202 1.984113 2.011898 2.938268
1204 1.984113 2.011898 2.969003
1206 1.984113 2.011898 2.999737
1208 1.984113 2.011898 3.030471
1210 1.984113 2.011897 3.061205
1212 1.984113 2.011896 3.091939
1214 1.984112 2.011895 3.122674
1216 1.984112 2.011894 3.153408
1218 1.984164 2.011896 3.168775
1220 1.980221 2.011787 3.169169
1222 1.972182 2.011564 3.169563
1224 1.964194 2.011340 3.169563
1226 1.956155 2.011119 3.169169
1228 1.948167 2.010898 3.169169
1230 1.940179 2.010678 3.169169
1232 1.932192 2.010458 3.169169
1234 1.924204 2.010237 3.169169
1236 1.916216 2.010017 3.169169
1238 1.908228 2.009797 3.169169
1240 1.900240 2.009576 3.169169
1242 1.892252 2.009356 3.169169
1244 1.884264 2.009136 3.169169
1246 1.876225 2.008911 3.169563
1248 1.868186 2.008687 3.169169
1250 1.860199 2.008467 3.169169
1252 1.852211 2.008247 3.169169
1254 1.844223 2.008026 3.169169
1256 1.836235 2.007806 3.169169
1258 1.828247 2.007586 3.169169
1260 1.820259 2.007365 3.169169
1262 1.812271 2.007145 3.169169
1264 1.804284 2.006925 3.169169
1266 1.796296 2.006704 3.169169
1268 1.788257 2.006481 3.169563
1270 1.780269 2.006258 3.169563
1272 1.772230 2.006036 3.169169
1274 1.764242 2.005815 3.169169
1276 1.756254 2.005595 3.169169
1278 1.748266 2.005375 3.169169
1280 1.740279 2.005154 3.169169
1282 1.732291 2.004934 3.169169
1284 1.724303 2.004714 3.169169
1286 1.716315 2.004493 3.169169
1288 1.708327 2.004273 3.169169
1290 1.700339 2.004053 3.169169
1292 1.692300 2.003828 3.169563
1294 1.684261 2.003605 3.169169
1296 1.676273 2.003384 3.169169
1298 1.668286 2.003164 3.169169
1300 1.660298 2.002944 3.169169
1302 1.652310 2.002723 3.169169
1304 1.644322 2.002503 3.169169
1306 1.636334 2.002283 3.169169
1308 1.628346 2.002062 3.169169
1310 1.620358 2.001842 3.169169
1312 1.612371 2.001622 3.169169
1314 1.604332 2.001398 3.169563
1316 1.596344 2.001175 3.169563
1318 1.588305 2.000953 3.169169
1320 1.580317 2.000733 3.169169
1322 1.572329 2.000512 3.169169
1324 1.564341 2.000292 3.169169
1326 1.556353 2.000072 3.169169
1328 1.548365 1.999851 3.169169
1330 1.540378 1.999631 3.169169
1332 1.532390 1.999411 3.169169
1334 1.524402 1.999190 3.169169
1336 1.516414 1.998970 3.169169
1338 1.508375 1.998745 3.169563
1340 1.500336 1.998522 3.169169
1342 1.492348 1.998302 3.169169
1344 1.484360 1.998081 3.169169
1346 1.476373 1.997861 3.169169
1348 1.468385 1.997641 3.169169
1350 1.460397 1.997420 3.169169
1352 1.452409 1.997200 3.169169
1354 1.444421 1.996980 3.169169
1356 1.436433 1.996759 3.169169
1358 1.428445 1.996539 3.169169
1360 1.420406 1.996316 3.169563
1362 1.412419 1.996092 3.169563
1364 1.404380 1.995870 3.169169
1366 1.396392 1.995650 3.169169
1368 1.388404 1.995430 3.169169
1370 1.380416 1.995209 3.169169
1372 1.372428 1.994989 3.169169
1374 1.364440 1.994769 3.169169
1376 1.356452 1.994548 3.169169
1378 1.348465 1.994328 3.169169
1380 1.340477 1.994108 3.169169
1382 1.332489 1.993887 3.169169
1384 1.324450 1.993662 3.169563
1386 1.316411 1.993439 3.169169
1388 1.308423 1.993219 3.169169
1390 1.300435 1.992998 3.169169
1392 1.292447 1.992778 3.169169
1394 1.284459 1.992558 3.169169
1396 1.276472 1.992337 3.169169
1398 1.268484 1.992117 3.169169
1400 1.260496 1.991897 3.169169
1402 1.252508 1.991676 3.169169
1404 1.244520 1.991456 3.169169
1406 1.236481 1.991233 3.169563
1408 1.228493 1.991009 3.169563
1410 1.220454 1.990788 3.169169
1412 1.212466 1.990567 3.169169
1414 1.204479 1.990347 3.169169
1416 1.196491 1.990127 3.169169
1418 1.188503 1.989906 3.169169
1420 1.180515 1.989686 3.169169
1422 1.172527 1.989466 3.169169
1424 1.164539 1.989245 3.169169
1426 1.156552 1.989025 3.169169
1428 1.148564 1.988805 3.169169
1430 1.140525 1.988580 3.169563
1432 1.132486 1.988356 3.169169
1434 1.124498 1.988136 3.169169
1436 1.116510 1.987916 3.169169
1438 1.108522 1.987695 3.169169
1440 1.100534 1.987475 3.169169
1442 1.092546 1.987255 3.169169
1444 1.084559 1.987034 3.169169
1446 1.076571 1.986814 3.169169
1448 1.068583 1.986594 3.169169
1450 1.060595 1.986373 3.169169
1452 1.052556 1.986150 3.169563
1454 1.044568 1.985927 3.169563
1456 1.036529 1.985705 3.169169
1458 1.028541 1.985484 3.169169
1460 1.020553 1.985264 3.169169
1462 1.012566 1.985044 3.169169
1464 1.004578 1.984823 3.169169
1466 0.996590 1.984603 3.169169
1468 0.988602 1.984383 3.169169
1470 0.980614 1.984162 3.169169
1472 0.972626 1.983942 3.169169
1474 0.964638 1.983722 3.169169
1476 0.956599 1.983497 3.169563
1478 0.948560 1.983274 3.169169
1480 0.940573 1.983053 3.169169
1482 0.932585 1.982833 3.169169
1484 0.924597 1.982613 3.169169
1486 0.916609 1.982392 3.169169
1488 0.908621 1.982172 3.169169
1490 0.900633 1.981952 3.169169
1492 0.892645 1.981731 3.169169
1494 0.884658 1.981511 3.169169
1496 0.876670 1.981291 3.169169
1498 0.868631 1.981067 3.169563
1500 0.860643 1.980844 3.169563
1502 0.852604 1.980622 3.169169
1504 0.844616 1.980402 3.169169
1506 0.836628 1.980181 3.169169
1508 0.828640 1.979961 3.169169
1510 0.820653 1.979741 3.169169
1512 0.812665 1.979520 3.169169
1514 0.804677 1.979300 3.169169
1516 0.796689 1.979080 3.169169
1518 0.788701 1.978859 3.169169
1520 0.780713 1.978639 3.169169
1522 0.772674 1.978414 3.169563
1524 0.764635 1.978191 3.169169
1526 0.756647 1.977970 3.169169
1528 0.748660 1.977750 3.169169
1530 0.740672 1.977530 3.169169
1532 0.732684 1.977310 3.169169
1534 0.724696 1.977089 3.169169
1536 0.716708 1.976869 3.169169
1538 0.708720 1.976649 3.169169
1540 0.700732 1.976428 3.169169
1542 0.692745 1.976208 3.169169
1544 0.684706 1.975985 3.169563
1546 0.676718 1.975761 3.169563
1548 0.668679 1.975539 3.169169
1550 0.660691 1.975319 3.169169
1552 0.652703 1.975099 3.169169
1554 0.644715 1.974878 3.169169
1556 0.636727 1.974658 3.169169
1558 0.628739 1.974438 3.169169
1560 0.620752 1.974217 3.169169
1562 0.612764 1.973997 3.169169
1564 0.604776 1.973777 3.169169
1566 0.596788 1.973556 3.169169
1568 0.588749 1.973331 3.169563
1570 0.580710 1.973108 3.169169
1572 0.572722 1.972888 3.169169
1574 0.564734 1.972667 3.169169
1576 0.556747 1.972447 3.169169
1578 0.548759 1.972227 3.169169
1580 0.540771 1.972006 3.169169
1582 0.532783 1.971786 3.169169
1584 0.524795 1.971566 3.169169
1586 0.516807 1.971345 3.169169
1588 0.508819 1.971125 3.169169
1590 0.500780 1.970902 3.169563
1592 0.492793 1.970678 3.169563
1594 0.484754 1.970457 3.169169
1596 0.476766 1.970236 3.169169
1598 0.468778 1.970016 3.169169
1600 0.460790 1.969796 3.169169
1602 0.452802 1.969575 3.169169
1604 0.444814 1.969355 3.169169
1606 0.436826 1.969135 3.169169
1608 0.428839 1.968914 3.169169
1610 0.420851 1.968694 3.169169
1612 0.412863 1.968474 3.169169
1614 0.404824 1.968249 3.169563
1616 0.396785 1.968025 3.169169
1618 0.388797 1.967805 3.169169
1620 0.380809 1.967585 3.169169
1622 0.372821 1.967364 3.169169
1624 0.364833 1.967144 3.169169
1626 0.356846 1.966924 3.169169
1628 0.348858 1.966703 3.169169
1630 0.340870 1.966483 3.169169
1632 0.332882 1.966263 3.169169
1634 0.324894 1.966042 3.169169
1636 0.316855 1.965819 3.169563
1638 0.308867 1.965596 3.169563
1640 0.300828 1.965374 3.169169
1642 0.292841 1.965153 3.169169
1644 0.284853 1.964933 3.169169
1646 0.276865 1.964713 3.169169
1648 0.268877 1.964492 3.169169
1650 0.260889 1.964272 3.169169
1652 0.252901 1.964052 3.169169
1654 0.244913 1.963831 3.169169
1656 0.236926 1.963611 3.169169
1658 0.228938 1.963391 3.169169
1660 0.220899 1.963166 3.169563
1662 0.212860 1.962943 3.169169
1664 0.204872 1.962722 3.169169
1666 0.196884 1.962502 3.169169
1668 0.188896 1.962282 3.169169
1670 0.180908 1.962061 3.169169
1672 0.172920 1.961841 3.169169
1674 0.164933 1.961621 3.169169
1676 0.156945 1.961400 3.169169
1678 0.148957 1.961180 3.169169
1680 0.140969 1.960960 3.169169
1682 0.132930 1.960736 3.169563
1684 0.124942 1.960513 3.169563
1686 0.116903 1.960291 3.169169
1688 0.108915 1.960071 3.169169
1690 0.100927 1.959850 3.169169
1692 0.092940 1.959630 3.169169
1694 0.084952 1.959410 3.169169
1696 0.076964 1.959189 3.169169
1698 0.068976 1.958969 3.169169
1700 0.060988 1.958749 3.169169
1702 0.053000 1.958528 3.169169
1704 0.045012 1.958308 3.169169
1706 0.036974 1.958083 3.169563
1708 0.028934 1.957860 3.169169
1710 0.020947 1.957639 3.169169
1712 0.012959 1.957419 3.169169
1714 0.004971 1.957199 3.169169
1716 -0.003017 1.956978 3.169169
1718 -0.011005 1.956758 3.169169
1720 -0.018993 1.956538 3.169169
1722 -0.026980 1.956318 3.169169
1724 -0.026980 1.956318 3.169169
1726 -0.027032 1.956316 3.199509
1728 -0.027032 1.956317 3.230243
1730 -0.027032 1.956318 3.260978
1732 -0.027032 1.956318 3.291712
1734 -0.027032 1.956318 3.322446
1736 -0.027082 1.956307 3.353574
1738 -0.027082 1.956306 3.384308
1740 -0.027082 1.956305 3.415043
1742 -0.027081 1.956305 3.445777
1744 -0.027081 1.956304 3.476511
1746 -0.027081 1.956303 3.507245
1748 -0.027080 1.956302 3.537979
1750 -0.027080 1.956302 3.568714
1752 -0.027080 1.956301 3.599448
1754 -0.027034 1.956324 3.630576
1756 -0.027034 1.956324 3.661310
1758 -0.027034 1.956324 3.692044
1760 -0.027035 1.956325 3.722779
1762 -0.027035 1.956326 3.753513
1764 -0.027036 1.956326 3.784247
1766 -0.027036 1.956327 3.814981
1768 -0.027037 1.956327 3.845715
1770 -0.027037 1.956328 3.876450
1772 -0.027038 1.956329 3.907184
1774 -0.027038 1.956329 3.937918
1776 -0.027039 1.956330 3.968652
1778 -0.027039 1.956330 3.999386
1780 -0.027039 1.956330 4.030121
1782 -0.027070 1.956289 4.061249
1784 -0.027069 1.956289 4.091983
1786 -0.027069 1.956288 4.122717
1788 -0.027068 1.956288 4.153451
1790 -0.027067 1.956287 4.184186
1792 -0.027066 1.956287 4.214920
1794 -0.027066 1.956287 4.245654
1796 -0.027043 1.956333 4.291755
1798 -0.027044 1.956333 4.322490
1800 -0.027044 1.956333 4.353224
1802 -0.027044 1.956333 4.383958
1804 -0.027059 1.956284 4.415086
1806 -0.027058 1.956284 4.445820
1808 -0.027058 1.956284 4.476555
1810 -0.027057 1.956283 4.507289
1812 -0.027056 1.956283 4.538023
1814 -0.027055 1.956283 4.568757
1816 -0.027055 1.956283 4.599491
1818 -0.027054 1.956283 4.630226
1820 -0.027053 1.956283 4.660960
1822 -0.027051 1.956334 4.692088
1824 -0.027051 1.956334 4.722822
1826 -0.027051 1.956334 4.753556
1828 -0.027051 1.956334 4.753556
1830 -0.026721 1.948401 4.753950
1832 -0.026390 1.940366 4.753556
1834 -0.026061 1.932382 4.753556
1836 -0.025733 1.924398 4.753556
1838 -0.025404 1.916414 4.753556
1840 -0.025071 1.908378 4.753950
1842 -0.024739 1.900394 4.753950
1844 -0.024407 1.892410 4.753950
1846 -0.024075 1.884426 4.753950
1848 -0.023743 1.876442 4.753950
1850 -0.023411 1.868458 4.753950
1852 -0.023079 1.860474 4.753950
1854 -0.022746 1.852439 4.753556
1856 -0.022418 1.844455 4.753556
1858 -0.022089 1.836471 4.753556
1860 -0.021760 1.828487 4.753556
1862 -0.021431 1.820503 4.753556
1864 -0.021097 1.812468 4.753950
1866 -0.020765 1.804484 4.753950
1868 -0.020433 1.796500 4.753950
1870 -0.020101 1.788516 4.753950
1872 -0.019769 1.780532 4.753950
1874 -0.019437 1.772548 4.753950
1876 -0.019105 1.764564 4.753950
1878 -0.018774 1.756528 4.753556
1880 -0.018445 1.748544 4.753556
1882 -0.018116 1.740560 4.753556
1884 -0.017787 1.732576 4.753556
1886 -0.017455 1.724541 4.753950
1888 -0.017122 1.716557 4.753950
1890 -0.016790 1.708573 4.753950
1892 -0.016458 1.700589 4.753950
1894 -0.016126 1.692605 4.753950
1896 -0.015794 1.684621 4.753950
1898 -0.015462 1.676637 4.753950
1900 -0.015130 1.668601 4.753556
1902 -0.014801 1.660617 4.753556
1904 -0.014472 1.652633 4.753556
1906 -0.014143 1.644649 4.753556
1908 -0.013814 1.636665 4.753556
1910 -0.013480 1.628630 4.753950
1912 -0.013148 1.620646 4.753950
1914 -0.012816 1.612662 4.753950
1916 -0.012484 1.604678 4.753950
1918 -0.012152 1.596694 4.753950
1920 -0.011820 1.588710 4.753950
1922 -0.011488 1.580726 4.753950
1924 -0.011157 1.572691 4.753556
1926 -0.010828 1.564706 4.753556
1928 -0.010499 1.556722 4.753556
1930 -0.010171 1.548738 4.753556
1932 -0.009838 1.540703 4.753950
1934 -0.009506 1.532719 4.753950
1936 -0.009174 1.524735 4.753950
1938 -0.008842 1.516751 4.753950
1940 -0.008510 1.508767 4.753950
1942 -0.008178 1.500783 4.753950
1944 -0.007846 1.492799 4.753950
1946 -0.007513 1.484764 4.753556
1948 -0.007184 1.476780 4.753556
1950 -0.006856 1.468796 4.753556
1952 -0.006527 1.460811 4.753556
1954 -0.006198 1.452827 4.753556
1956 -0.005864 1.444792 4.753950
1958 -0.005532 1.436808 4.753950
1960 -0.005200 1.428824 4.753950
1962 -0.004702 1.416848 4.753950
1964 -0.004370 1.408864 4.753950
1966 -0.004038 1.400880 4.753950
1968 -0.003705 1.392845 4.753556
1970 -0.003376 1.384861 4.753556
1972 -0.003047 1.376877 4.753556
1974 -0.002718 1.368893 4.753556
1976 -0.002390 1.360908 4.753556
1978 -0.002055 1.352873 4.753950
1980 -0.001723 1.344889 4.753950
1982 -0.001391 1.336905 4.753950
1984 -0.001059 1.328921 4.753950
1986 -0.000727 1.320937 4.753950
1988 -0.000395 1.312953 4.753950
1990 -0.000063 1.304969 4.753950
1992 0.000268 1.296934 4.753556
1994 0.000597 1.288950 4.753556
1996 0.000925 1.280966 4.753556
1998 0.001254 1.272982 4.753556
2000 0.001587 1.264946 4.753950
2002 0.001919 1.256962 4.753950
2004 0.002251 1.248978 4.753950
2006 0.002583 1.240994 4.753950
2008 0.002915 1.233010 4.753950
2010 0.003247 1.225026 4.753950
2012 0.003579 1.217042 4.753950
2014 0.003912 1.209007 4.753556
2016 0.004240 1.201023 4.753556
2018 0.004569 1.193039 4.753556
2020 0.004898 1.185055 4.753556
2022 0.005227 1.177071 4.753556
2024 0.005561 1.169036 4.753950
2026 0.005893 1.161052 4.753950
2028 0.006225 1.153068 4.753950
2030 0.006557 1.145084 4.753950
2032 0.006889 1.137100 4.753950
2034 0.007221 1.129116 4.753950
2036 0.007553 1.121132 4.753950
2038 0.007884 1.113096 4.753556
2040 0.008213 1.105112 4.753556
2042 0.008542 1.097128 4.753556
2044 0.008871 1.089144 4.753556
2046 0.009203 1.081109 4.753950
2048 0.009535 1.073125 4.753950
2050 0.009867 1.065141 4.753950
2052 0.010200 1.057157 4.753950
2054 0.010532 1.049173 4.753950
2056 0.010864 1.041189 4.753950
2058 0.011196 1.033205 4.753950
2060 0.011528 1.025170 4.753556
2062 0.011857 1.017185 4.753556
2064 0.012186 1.009201 4.753556
2066 0.012515 1.001217 4.753556
2068 0.012844 0.993233 4.753556
2070 0.013178 0.985198 4.753950
2072 0.013510 0.977214 4.753950
2074 0.013842 0.969230 4.753950
2076 0.014174 0.961246 4.753950
2078 0.014506 0.953262 4.753950
2080 0.014838 0.945278 4.753950
2082 0.015170 0.937294 4.753950
2084 0.015501 0.929259 4.753556
2086 0.015830 0.921275 4.753556
2088 0.016159 0.913290 4.753556
2090 0.016487 0.905306 4.753556
2092 0.016820 0.897271 4.753950
2094 0.017152 0.889287 4.753950
2096 0.017484 0.881303 4.753950
2098 0.017816 0.873319 4.753950
2100 0.018148 0.865335 4.753950
2102 0.018480 0.857351 4.753950
2104 0.018812 0.849367 4.753950
2106 0.019145 0.841332 4.753556
2108 0.019474 0.833348 4.753556
2110 0.019802 0.825364 4.753556
2112 0.020131 0.817379 4.753556
2114 0.020460 0.809395 4.753556
2116 0.020794 0.801360 4.753950
2118 0.021126 0.793376 4.753950
2120 0.021458 0.785392 4.753950
2122 0.021790 0.777408 4.753950
2124 0.022122 0.769424 4.753950
2126 0.022454 0.761440 4.753950
2128 0.022786 0.753456 4.753950
2130 0.023119 0.745421 4.753556
2132 0.023448 0.737437 4.753556
2134 0.023777 0.729453 4.753556
2136 0.024106 0.721469 4.753556
2138 0.024438 0.713433 4.753950
2140 0.024770 0.705449 4.753950
2142 0.025102 0.697465 4.753950
2144 0.025434 0.689481 4.753950
2146 0.025766 0.681497 4.753950
2148 0.026098 0.673513 4.753950
2150 0.026430 0.665529 4.753950
2152 0.026762 0.657545 4.753950
2154 0.027093 0.649510 4.753556
2156 0.027422 0.641526 4.753556
2158 0.027751 0.633542 4.753556
2160 0.028080 0.625558 4.753556
2162 0.028414 0.617523 4.753950
2164 0.028746 0.609539 4.753950
2166 0.029078 0.601555 4.753950
2168 0.029410 0.593571 4.753950
2170 0.029742 0.585587 4.753950
2172 0.030074 0.577603 4.753950
2174 0.030406 0.569619 4.753950
2176 0.030739 0.561583 4.753556
2178 0.031068 0.553599 4.753556
2180 0.031396 0.545615 4.753556
2182 0.031725 0.537631 4.753556
2184 0.032058 0.529596 4.753950
2186 0.032390 0.521612 4.753950
2188 0.032722 0.513628 4.753950
2190 0.033054 0.505644 4.753950
2192 0.033386 0.497660 4.753950
2194 0.033718 0.489676 4.753950
2196 0.034050 0.481692 4.753950
2198 0.034382 0.473708 4.753950
2200 0.034877 0.461681 4.753556
2202 0.035206 0.453696 4.753556
2204 0.035535 0.445712 4.753556
2206 0.035868 0.437677 4.753950
2208 0.036200 0.429693 4.753950
2210 0.036532 0.421709 4.753950
2212 0.036864 0.413725 4.753950
2214 0.037196 0.405741 4.753950
2216 0.037528 0.397757 4.753950
2218 0.037860 0.389773 4.753950
2220 0.038192 0.381789 4.753950
2222 0.038523 0.373754 4.753556
2224 0.038852 0.365770 4.753556
2226 0.039181 0.357786 4.753556
2228 0.039509 0.349801 4.753556
2230 0.039844 0.341766 4.753950
2232 0.040176 0.333782 4.753950
2234 0.040508 0.325798 4.753950
2236 0.040840 0.317814 4.753950
2238 0.041172 0.309830 4.753950
2240 0.041504 0.301846 4.753950
2242 0.041836 0.293862 4.753950
2244 0.042168 0.285827 4.753556
2246 0.042497 0.277843 4.753556
2248 0.042826 0.269859 4.753556
2250 0.043155 0.261875 4.753556
2252 0.043484 0.253891 4.753556
2254 0.043818 0.245855 4.753950
2256 0.044150 0.237871 4.753950
2258 0.044482 0.229887 4.753950
2260 0.044814 0.221903 4.753950
2262 0.045146 0.213919 4.753950
2264 0.045478 0.205935 4.753950
2266 0.045810 0.197951 4.753950
2268 0.046141 0.189916 4.753556
2270 0.046470 0.181932 4.753556
2272 0.046799 0.173948 4.753556
2274 0.047128 0.165964 4.753556
2276 0.047460 0.157929 4.753950
2278 0.047792 0.149945 4.753950
2280 0.048124 0.141961 4.753950
2282 0.048456 0.133977 4.753950
2284 0.048788 0.125993 4.753950
2286 0.049120 0.118009 4.753950
2288 0.049452 0.110025 4.753950
2290 0.049785 0.101989 4.753556
2292 0.050114 0.094005 4.753556
2294 0.050443 0.086021 4.753556
2296 0.050771 0.078037 4.753556
2298 0.051100 0.070053 4.753556
2300 0.051434 0.062018 4.753950
2302 0.051766 0.054034 4.753950
2304 0.052098 0.046050 4.753950
2306 0.052430 0.038066 4.753950
2308 0.052763 0.030082 4.753950
2310 0.053095 0.022098 4.753950
2312 0.053427 0.014114 4.753950
2314 0.053758 0.006078 4.753556
2316 0.054086 -0.001906 4.753556
2318 0.054415 -0.009890 4.753556
2320 0.054744 -0.017874 4.753556
2322 0.055077 -0.025909 4.753950
2324 0.055409 -0.033893 4.753950
2326 0.055741 -0.041877 4.753950
2328 0.056073 -0.049861 4.753950
2330 0.056239 -0.053853 4.753950
2332 0.056242 -0.053904 4.768529
2334 0.056242 -0.053904 4.799264
2336 0.056242 -0.053904 4.829998
2338 0.056242 -0.053904 4.860732
2340 0.056251 -0.053955 4.891860
2342 0.056241 -0.053904 4.922989
2344 0.056241 -0.053904 4.953723
2346 0.056241 -0.053904 4.984457
2348 0.056241 -0.053904 5.015191
2350 0.056241 -0.053904 5.045925
2352 0.056241 -0.053904 5.076660
2354 0.056241 -0.053904 5.107394
2356 0.056241 -0.053904 5.138128
2358 0.056241 -0.053904 5.168862
2360 0.056241 -0.053904 5.199596
2362 0.056241 -0.053904 5.230331
2364 0.056240 -0.053905 5.261065
2366 0.056240 -0.053905 5.291799
2368 0.056240 -0.053905 5.322533
2370 0.056240 -0.053905 5.353267
2372 0.056240 -0.053905 5.384002
2374 0.056240 -0.053905 5.414736
2376 0.056240 -0.053905 5.445470
2378 0.056240 -0.053905 5.476204
2380 0.056240 -0.053905 5.506938
2382 0.056240 -0.053905 5.537673
2384 0.056240 -0.053905 5.568407
2386 0.056280 -0.053937 5.599535
2388 0.056240 -0.053905 5.630663
2390 0.056240 -0.053905 5.661397
2392 0.056240 -0.053905 5.692132
2394 0.056240 -0.053905 5.722866
2396 0.056240 -0.053905 5.753600
2398 0.056240 -0.053905 5.784334
2400 0.056240 -0.053905 5.815068
2402 0.056240 -0.053905 5.845803
2404 0.056240 -0.053905 5.876537
2406 0.056240 -0.053905 5.907271
2408 0.056240 -0.053905 5.938005
2410 0.056239 -0.053906 5.968739
2412 0.056239 -0.053906 5.999474
2414 0.056239 -0.053906 6.030208
2416 0.056239 -0.053906 6.060942
2418 0.056239 -0.053906 6.091676
2420 0.056239 -0.053906 6.122410
2422 0.056239 -0.053906 6.153145
2424 0.056239 -0.053906 6.183879
2426 0.056239 -0.053906 6.214613
2428 0.056239 -0.053906 6.245347
2430 0.056239 -0.053906 6.276081
2432 0.056291 -0.053905 6.307210
