mission_time, mot_motorspeed_l, mot_motorspeed_r
0.000000, 0.000000, 0.000000
0.000000, 0.000000, 0.000000
1.000000, 0.300000, 0.300000
2.000000, 0.300000, 0.300000
3.000000, 0.300000, 0.300000
4.000000, 0.300000, 0.300000
5.000000, 0.300000, 0.300000
6.000000, 0.300000, 0.300000
7.000000, 0.300000, 0.300000
8.000000, 0.300000, 0.300000
9.000000, 0.300000, 0.300000
10.000000, 0.300000, 0.300000
11.000000, 0.300000, 0.300000
12.000000, 0.300000, 0.300000
13.000000, 0.300000, 0.300000
14.000000, 0.300000, 0.300000
15.000000, 0.300000, 0.300000
16.000000, 0.300000, 0.300000
17.000000, 0.300000, 0.300000
18.000000, 0.300000, 0.300000
19.000000, 0.300000, 0.300000
20.000000, 0.300000, 0.300000
21.000000, 0.300000, 0.300000
22.000000, 0.300000, 0.300000
23.000000, 0.300000, 0.300000
24.000000, 0.300000, 0.300000
25.000000, 0.300000, 0.300000
26.000000, 0.300000, 0.300000
27.000000, 0.300000, 0.300000
28.000000, 0.300000, 0.300000
29.000000, 0.300000, 0.300000
30.000000, 0.300000, 0.300000
31.000000, 0.300000, 0.300000
32.000000, 0.300000, 0.300000
33.000000, 0.300000, 0.300000
34.000000, 0.300000, 0.300000
35.000000, 0.300000, 0.300000
36.000000, 0.300000, 0.300000
37.000000, 0.300000, 0.300000
38.000000, 0.300000, 0.300000
39.000000, 0.300000, 0.300000
40.000000, 0.300000, 0.300000
41.000000, 0.300000, 0.300000
42.000000, 0.300000, 0.300000
43.000000, 0.300000, 0.300000
44.000000, 0.300000, 0.300000
45.000000, 0.300000, 0.300000
46.000000, 0.300000, 0.300000
47.000000, 0.300000, 0.300000
48.000000, 0.300000, 0.300000
49.000000, 0.300000, 0.300000
50.000000, 0.300000, 0.300000
51.000000, 0.300000, 0.300000
52.000000, 0.300000, 0.300000
53.000000, 0.300000, 0.300000
54.000000, 0.300000, 0.300000
55.000000, 0.300000, 0.300000
56.000000, 0.300000, 0.300000
57.000000, 0.300000, 0.300000
58.000000, 0.300000, 0.300000
59.000000, 0.300000, 0.300000
60.000000, 0.300000, 0.300000
61.000000, 0.300000, 0.300000
62.000000, 0.300000, 0.300000
63.000000, 0.300000, 0.300000
64.000000, 0.300000, 0.300000
65.000000, 0.300000, 0.300000
66.000000, 0.300000, 0.300000
67.000000, 0.300000, 0.300000
68.000000, 0.300000, 0.300000
69.000000, 0.300000, 0.300000
70.000000, 0.300000, 0.300000
71.000000, 0.300000, 0.300000
72.000000, 0.300000, 0.300000
73.000000, 0.300000, 0.300000
74.000000, 0.300000, 0.300000
75.000000, 0.300000, 0.300000
76.000000, 0.300000, 0.300000
77.000000, 0.300000, 0.300000
78.000000, 0.300000, 0.300000
79.000000, 0.300000, 0.300000
80.000000, 0.300000, 0.300000
81.000000, 0.300000, 0.300000
82.000000, 0.300000, 0.300000
83.000000, 0.300000, 0.300000
84.000000, 0.300000, 0.300000
85.000000, 0.300000, 0.300000
86.000000, 0.300000, 0.300000
87.000000, 0.300000, 0.300000
88.000000, 0.300000, 0.300000
89.000000, 0.300000, 0.300000
90.000000, 0.300000, 0.300000
91.000000, 0.300000, 0.300000
92.000000, 0.300000, 0.300000
93.000000, 0.300000, 0.300000
94.000000, 0.300000, 0.300000
95.000000, 0.300000, 0.300000
96.000000, 0.300000, 0.300000
97.000000, 0.300000, 0.300000
98.000000, 0.300000, 0.300000
99.000000, 0.300000, 0.300000
100.000000, 0.300000, 0.300000
101.000000, 0.300000, 0.300000
102.000000, 0.300000, 0.300000
103.000000, 0.300000, 0.300000
104.000000, 0.300000, 0.300000
105.000000, 0.300000, 0.300000
106.000000, 0.300000, 0.300000
107.000000, 0.300000, 0.300000
108.000000, 0.300000, 0.300000
109.000000, 0.300000, 0.300000
110.000000, 0.300000, 0.300000
111.000000, 0.300000, 0.300000
112.000000, 0.300000, 0.300000
113.000000, 0.300000, 0.300000
114.000000, 0.300000, 0.300000
115.000000, 0.300000, 0.300000
116.000000, 0.300000, 0.300000
117.000000, 0.300000, 0.300000
118.000000, 0.300000, 0.300000
119.000000, 0.300000, 0.300000
120.000000, 0.300000, 0.300000
121.000000, 0.300000, 0.300000
122.000000, 0.300000, 0.300000
123.000000, 0.300000, 0.300000
124.000000, 0.300000, 0.300000
125.000000, 0.300000, 0.300000
126.000000, 0.300000, 0.300000
127.000000, 0.300000, 0.300000
128.000000, 0.300000, 0.300000
129.000000, 0.300000, 0.300000
130.000000, 0.300000, 0.300000
131.000000, 0.300000, 0.300000
132.000000, 0.300000, 0.300000
133.000000, 0.300000, 0.300000
134.000000, 0.300000, 0.300000
135.000000, 0.300000, 0.300000
136.000000, 0.300000, 0.300000
137.000000, 0.300000, 0.300000
138.000000, 0.300000, 0.300000
139.000000, 0.300000, 0.300000
140.000000, 0.300000, 0.300000
141.000000, 0.300000, 0.300000
142.000000, 0.300000, 0.300000
143.000000, 0.300000, 0.300000
144.000000, 0.300000, 0.300000
145.000000, 0.300000, 0.300000
146.000000, 0.300000, 0.300000
147.000000, 0.300000, 0.300000
148.000000, 0.300000, 0.300000
149.000000, 0.300000, 0.300000
150.000000, 0.300000, 0.300000
151.000000, 0.300000, 0.300000
152.000000, 0.300000, 0.300000
153.000000, 0.300000, 0.300000
154.000000, 0.300000, 0.300000
155.000000, 0.300000, 0.300000
156.000000, 0.300000, 0.300000
157.000000, 0.300000, 0.300000
158.000000, 0.300000, 0.300000
159.000000, 0.300000, 0.300000
160.000000, 0.300000, 0.300000
161.000000, 0.300000, 0.300000
162.000000, 0.300000, 0.300000
163.000000, 0.300000, 0.300000
164.000000, 0.300000, 0.300000
165.000000, 0.300000, 0.300000
166.000000, 0.300000, 0.300000
167.000000, 0.300000, 0.300000
168.000000, 0.300000, 0.300000
169.000000, 0.300000, 0.300000
170.000000, 0.300000, 0.300000
171.000000, 0.300000, 0.300000
172.000000, 0.300000, 0.300000
173.000000, 0.300000, 0.300000
174.000000, 0.300000, 0.300000
175.000000, 0.300000, 0.300000
176.000000, 0.300000, 0.300000
177.000000, 0.300000, 0.300000
178.000000, 0.300000, 0.300000
179.000000, 0.300000, 0.300000
180.000000, 0.300000, 0.300000
181.000000, 0.300000, 0.300000
182.000000, 0.300000, 0.300000
183.000000, 0.300000, 0.300000
184.000000, 0.300000, 0.300000
185.000000, 0.300000, 0.300000
186.000000, 0.300000, 0.300000
187.000000, 0.300000, 0.300000
188.000000, 0.300000, 0.300000
189.000000, 0.300000, 0.300000
190.000000, 0.300000, 0.300000
191.000000, 0.300000, 0.300000
192.000000, 0.300000, 0.300000
193.000000, 0.300000, 0.300000
194.000000, 0.300000, 0.300000
195.000000, 0.300000, 0.300000
196.000000, 0.300000, 0.300000
197.000000, 0.300000, 0.300000
198.000000, 0.300000, 0.300000
199.000000, 0.300000, 0.300000
200.000000, 0.300000, 0.300000
201.000000, 0.300000, 0.300000
202.000000, 0.300000, 0.300000
203.000000, 0.300000, 0.300000
204.000000, 0.300000, 0.300000
205.000000, 0.300000, 0.300000
206.000000, 0.300000, 0.300000
207.000000, 0.300000, 0.300000
208.000000, 0.300000, 0.300000
209.000000, 0.300000, 0.300000
210.000000, 0.300000, 0.300000
211.000000, 0.300000, 0.300000
212.000000, 0.300000, 0.300000
213.000000, 0.300000, 0.300000
214.000000, 0.300000, 0.300000
215.000000, 0.300000, 0.300000
216.000000, 0.300000, 0.300000
217.000000, 0.300000, 0.300000
218.000000, 0.300000, 0.300000
219.000000, 0.300000, 0.300000
220.000000, 0.300000, 0.300000
221.000000, 0.300000, 0.300000
222.000000, 0.300000, 0.300000
223.000000, 0.300000, 0.300000
224.000000, 0.300000, 0.300000
225.000000, 0.300000, 0.300000
226.000000, 0.300000, 0.300000
227.000000, 0.300000, 0.300000
228.000000, 0.300000, 0.300000
229.000000, 0.300000, 0.300000
230.000000, 0.300000, 0.300000
231.000000, 0.300000, 0.300000
232.000000, 0.300000, 0.300000
233.000000, 0.300000, 0.300000
234.000000, 0.300000, 0.300000
235.000000, 0.300000, 0.300000
236.000000, 0.300000, 0.300000
237.000000, 0.300000, 0.300000
238.000000, 0.300000, 0.300000
239.000000, 0.300000, 0.300000
240.000000, 0.300000, 0.300000
241.000000, 0.300000, 0.300000
242.000000, 0.300000, 0.300000
243.000000, 0.300000, 0.300000
244.000000, 0.300000, 0.300000
245.000000, 0.300000, 0.300000
246.000000, 0.300000, 0.300000
247.000000, 0.300000, 0.300000
248.000000, 0.300000, 0.300000
249.000000, 0.300000, 0.300000
250.000000, 0.300000, 0.300000
251.000000, 0.300000, 0.300000
252.000000, 0.300000, 0.300000
253.000000, 0.300000, 0.300000
254.000000, 0.300000, 0.300000
255.000000, 0.300000, 0.300000
256.000000, 0.300000, 0.300000
257.000000, 0.300000, 0.300000
258.000000, 0.300000, 0.300000
259.000000, 0.300000, 0.300000
260.000000, 0.300000, 0.300000
261.000000, 0.300000, 0.300000
262.000000, 0.300000, 0.300000
263.000000, 0.300000, 0.300000
264.000000, 0.300000, 0.300000
265.000000, 0.300000, 0.300000
266.000000, 0.300000, 0.300000
267.000000, 0.300000, 0.300000
268.000000, 0.300000, 0.300000
269.000000, 0.300000, 0.300000
270.000000, 0.300000, 0.300000
271.000000, 0.300000, 0.300000
272.000000, 0.300000, 0.300000
273.000000, 0.300000, 0.300000
274.000000, 0.300000, 0.300000
275.000000, 0.300000, 0.300000
276.000000, 0.300000, 0.300000
277.000000, 0.300000, 0.300000
278.000000, 0.300000, 0.300000
279.000000, 0.300000, 0.300000
280.000000, 0.300000, 0.300000
281.000000, 0.300000, 0.300000
282.000000, 0.300000, 0.300000
283.000000, 0.300000, 0.300000
284.000000, 0.300000, 0.300000
285.000000, 0.300000, 0.300000
286.000000, 0.300000, 0.300000
287.000000, 0.300000, 0.300000
288.000000, 0.300000, 0.300000
289.000000, 0.300000, 0.300000
290.000000, 0.300000, 0.300000
291.000000, 0.300000, 0.300000
292.000000, 0.300000, 0.300000
293.000000, 0.300000, 0.300000
294.000000, 0.300000, 0.300000
295.000000, 0.300000, 0.300000
296.000000, 0.300000, 0.300000
297.000000, 0.300000, 0.300000
298.000000, 0.300000, 0.300000
299.000000, 0.300000, 0.300000
300.000000, 0.300000, 0.300000
301.000000, 0.300000, 0.300000
302.000000, 0.300000, 0.300000
303.000000, 0.300000, 0.300000
304.000000, 0.300000, 0.300000
305.000000, 0.300000, 0.300000
306.000000, 0.300000, 0.300000
307.000000, 0.300000, 0.300000
308.000000, 0.300000, 0.300000
309.000000, 0.300000, 0.300000
310.000000, 0.300000, 0.300000
311.000000, 0.300000, 0.300000
312.000000, 0.300000, 0.300000
313.000000, 0.300000, 0.300000
314.000000, 0.300000, 0.300000
315.000000, 0.300000, 0.300000
316.000000, 0.300000, 0.300000
317.000000, 0.300000, 0.300000
318.000000, 0.300000, 0.300000
319.000000, 0.300000, 0.300000
320.000000, 0.300000, 0.300000
321.000000, 0.300000, 0.300000
322.000000, 0.300000, 0.300000
323.000000, 0.300000, 0.300000
324.000000, 0.300000, 0.300000
325.000000, 0.300000, 0.300000
326.000000, 0.300000, 0.300000
327.000000, 0.300000, 0.300000
328.000000, 0.300000, 0.300000
329.000000, 0.300000, 0.300000
330.000000, 0.300000, 0.300000
331.000000, 0.300000, 0.300000
332.000000, 0.300000, 0.300000
333.000000, 0.300000, 0.300000
334.000000, 0.300000, 0.300000
335.000000, 0.300000, 0.300000
336.000000, 0.000000, 0.000000
0.000000, 0.000000, 0.000000
1.000000, -0.300000, 0.300000
2.000000, -0.300000, 0.300000
3.000000, -0.300000, 0.300000
4.000000, -0.300000, 0.300000
5.000000, -0.300000, 0.300000
6.000000, -0.300000, 0.300000
7.000000, -0.300000, 0.300000
8.000000, -0.300000, 0.300000
9.000000, -0.300000, 0.300000
10.000000, -0.300000, 0.300000
11.000000, -0.300000, 0.300000
12.000000, -0.300000, 0.300000
13.000000, -0.300000, 0.300000
14.000000, -0.300000, 0.300000
15.000000, -0.300000, 0.300000
16.000000, -0.300000, 0.300000
17.000000, -0.300000, 0.300000
18.000000, -0.300000, 0.300000
19.000000, -0.300000, 0.300000
20.000000, -0.300000, 0.300000
21.000000, -0.300000, 0.300000
22.000000, -0.300000, 0.300000
23.000000, -0.300000, 0.300000
24.000000, -0.300000, 0.300000
25.000000, -0.300000, 0.300000
26.000000, -0.300000, 0.300000
27.000000, -0.300000, 0.300000
28.000000, -0.300000, 0.300000
29.000000, -0.300000, 0.300000
30.000000, -0.300000, 0.300000
31.000000, -0.300000, 0.300000
32.000000, -0.300000, 0.300000
33.000000, -0.300000, 0.300000
34.000000, -0.300000, 0.300000
35.000000, -0.300000, 0.300000
36.000000, -0.300000, 0.300000
37.000000, -0.300000, 0.300000
38.000000, -0.300000, 0.300000
39.000000, -0.300000, 0.300000
40.000000, -0.300000, 0.300000
41.000000, -0.300000, 0.300000
42.000000, -0.300000, 0.300000
43.000000, -0.300000, 0.300000
44.000000, -0.300000, 0.300000
45.000000, -0.300000, 0.300000
46.000000, -0.300000, 0.300000
47.000000, -0.300000, 0.300000
48.000000, -0.300000, 0.300000
49.000000, -0.300000, 0.300000
50.000000, -0.300000, 0.300000
51.000000, -0.300000, 0.300000
52.000000, -0.300000, 0.300000
53.000000, -0.300000, 0.300000
54.000000, -0.300000, 0.300000
55.000000, -0.300000, 0.300000
56.000000, -0.300000, 0.300000
57.000000, -0.300000, 0.300000
58.000000, -0.300000, 0.300000
59.000000, -0.300000, 0.300000
60.000000, -0.300000, 0.300000
61.000000, -0.300000, 0.300000
62.000000, -0.300000, 0.300000
63.000000, -0.300000, 0.300000
64.000000, -0.300000, 0.300000
65.000000, -0.300000, 0.300000
66.000000, -0.300000, 0.300000
67.000000, -0.300000, 0.300000
68.000000, -0.300000, 0.300000
69.000000, -0.300000, 0.300000
70.000000, -0.300000, 0.300000
71.000000, 0.000000, 0.000000
0.000000, 0.000000, 0.000000
1.000000, 0.300000, 0.300000
2.000000, 0.300000, 0.300000
3.000000, 0.300000, 0.300000
4.000000, 0.300000, 0.300000
5.000000, 0.300000, 0.300000
6.000000, 0.300000, 0.300000
7.000000, 0.300000, 0.300000
8.000000, 0.300000, 0.300000
9.000000, 0.300000, 0.300000
10.000000, 0.300000, 0.300000
11.000000, 0.300000, 0.300000
12.000000, 0.300000, 0.300000
13.000000, 0.300000, 0.300000
14.000000, 0.300000, 0.300000
15.000000, 0.300000, 0.300000
16.000000, 0.300000, 0.300000
17.000000, 0.300000, 0.300000
18.000000, 0.300000, 0.300000
19.000000, 0.300000, 0.300000
20.000000, 0.300000, 0.300000
21.000000, 0.300000, 0.300000
22.000000, 0.300000, 0.300000
23.000000, 0.300000, 0.300000
24.000000, 0.300000, 0.300000
25.000000, 0.300000, 0.300000
26.000000, 0.300000, 0.300000
27.000000, 0.300000, 0.300000
28.000000, 0.300000, 0.300000
29.000000, 0.300000, 0.300000
30.000000, 0.300000, 0.300000
31.000000, 0.300000, 0.300000
32.000000, 0.300000, 0.300000
33.000000, 0.300000, 0.300000
34.000000, 0.300000, 0.300000
35.000000, 0.300000, 0.300000
36.000000, 0.300000, 0.300000
37.000000, 0.300000, 0.300000
38.000000, 0.300000, 0.300000
39.000000, 0.300000, 0.300000
40.000000, 0.300000, 0.300000
41.000000, 0.300000, 0.300000
42.000000, 0.300000, 0.300000
43.000000, 0.300000, 0.300000
44.000000, 0.300000, 0.300000
45.000000, 0.300000, 0.300000
46.000000, 0.300000, 0.300000
47.000000, 0.300000, 0.300000
48.000000, 0.300000, 0.300000
49.000000, 0.300000, 0.300000
50.000000, 0.300000, 0.300000
51.000000, 0.300000, 0.300000
52.000000, 0.300000, 0.300000
53.000000, 0.300000, 0.300000
54.000000, 0.300000, 0.300000
55.000000, 0.300000, 0.300000
56.000000, 0.300000, 0.300000
57.000000, 0.300000, 0.300000
58.000000, 0.300000, 0.300000
59.000000, 0.300000, 0.300000
60.000000, 0.300000, 0.300000
61.000000, 0.300000, 0.300000
62.000000, 0.300000, 0.300000
63.000000, 0.300000, 0.300000
64.000000, 0.300000, 0.300000
65.000000, 0.300000, 0.300000
66.000000, 0.300000, 0.300000
67.000000, 0.300000, 0.300000
68.000000, 0.300000, 0.300000
69.000000, 0.300000, 0.300000
70.000000, 0.300000, 0.300000
71.000000, 0.300000, 0.300000
72.000000, 0.300000, 0.300000
73.000000, 0.300000, 0.300000
74.000000, 0.300000, 0.300000
75.000000, 0.300000, 0.300000
76.000000, 0.300000, 0.300000
77.000000, 0.300000, 0.300000
78.000000, 0.300000, 0.300000
79.000000, 0.300000, 0.300000
80.000000, 0.300000, 0.300000
81.000000, 0.300000, 0.300000
82.000000, 0.300000, 0.300000
83.000000, 0.300000, 0.300000
84.000000, 0.300000, 0.300000
85.000000, 0.300000, 0.300000
86.000000, 0.300000, 0.300000
87.000000, 0.300000, 0.300000
88.000000, 0.300000, 0.300000
89.000000, 0.300000, 0.300000
90.000000, 0.300000, 0.300000
91.000000, 0.300000, 0.300000
92.000000, 0.300000, 0.300000
93.000000, 0.300000, 0.300000
94.000000, 0.300000, 0.300000
95.000000, 0.300000, 0.300000
96.000000, 0.300000, 0.300000
97.000000, 0.300000, 0.300000
98.000000, 0.300000, 0.300000
99.000000, 0.300000, 0.300000
100.000000, 0.300000, 0.300000
101.000000, 0.300000, 0.300000
102.000000, 0.300000, 0.300000
103.000000, 0.300000, 0.300000
104.000000, 0.300000, 0.300000
105.000000, 0.300000, 0.300000
106.000000, 0.300000, 0.300000
107.000000, 0.300000, 0.300000
108.000000, 0.300000, 0.300000
109.000000, 0.300000, 0.300000
110.000000, 0.300000, 0.300000
111.000000, 0.300000, 0.300000
112.000000, 0.300000, 0.300000
113.000000, 0.300000, 0.300000
114.000000, 0.300000, 0.300000
115.000000, 0.300000, 0.300000
116.000000, 0.300000, 0.300000
117.000000, 0.300000, 0.300000
118.000000, 0.300000, 0.300000
119.000000, 0.300000, 0.300000
120.000000, 0.300000, 0.300000
121.000000, 0.300000, 0.300000
122.000000, 0.300000, 0.300000
123.000000, 0.300000, 0.300000
124.000000, 0.300000, 0.300000
125.000000, 0.300000, 0.300000
126.000000, 0.300000, 0.300000
127.000000, 0.300000, 0.300000
128.000000, 0.300000, 0.300000
129.000000, 0.300000, 0.300000
130.000000, 0.300000, 0.300000
131.000000, 0.300000, 0.300000
132.000000, 0.300000, 0.300000
133.000000, 0.300000, 0.300000
134.000000, 0.300000, 0.300000
135.000000, 0.300000, 0.300000
136.000000, 0.300000, 0.300000
137.000000, 0.300000, 0.300000
138.000000, 0.300000, 0.300000
139.000000, 0.300000, 0.300000
140.000000, 0.300000, 0.300000
141.000000, 0.300000, 0.300000
142.000000, 0.300000, 0.300000
143.000000, 0.300000, 0.300000
144.000000, 0.300000, 0.300000
145.000000, 0.300000, 0.300000
146.000000, 0.300000, 0.300000
147.000000, 0.300000, 0.300000
148.000000, 0.300000, 0.300000
149.000000, 0.300000, 0.300000
150.000000, 0.300000, 0.300000
151.000000, 0.300000, 0.300000
152.000000, 0.300000, 0.300000
153.000000, 0.300000, 0.300000
154.000000, 0.300000, 0.300000
155.000000, 0.300000, 0.300000
156.000000, 0.300000, 0.300000
157.000000, 0.300000, 0.300000
158.000000, 0.300000, 0.300000
159.000000, 0.300000, 0.300000
160.000000, 0.300000, 0.300000
161.000000, 0.300000, 0.300000
162.000000, 0.300000, 0.300000
163.000000, 0.300000, 0.300000
164.000000, 0.300000, 0.300000
165.000000, 0.300000, 0.300000
166.000000, 0.300000, 0.300000
167.000000, 0.300000, 0.300000
168.000000, 0.300000, 0.300000
169.000000, 0.300000, 0.300000
170.000000, 0.300000, 0.300000
171.000000, 0.300000, 0.300000
172.000000, 0.300000, 0.300000
173.000000, 0.300000, 0.300000
174.000000, 0.300000, 0.300000
175.000000, 0.300000, 0.300000
176.000000, 0.300000, 0.300000
177.000000, 0.300000, 0.300000
178.000000, 0.300000, 0.300000
179.000000, 0.300000, 0.300000
180.000000, 0.300000, 0.300000
181.000000, 0.300000, 0.300000
182.000000, 0.300000, 0.300000
183.000000, 0.300000, 0.300000
184.000000, 0.300000, 0.300000
185.000000, 0.300000, 0.300000
186.000000, 0.300000, 0.300000
187.000000, 0.300000, 0.300000
188.000000, 0.300000, 0.300000
189.000000, 0.300000, 0.300000
190.000000, 0.300000, 0.300000
191.000000, 0.300000, 0.300000
192.000000, 0.300000, 0.300000
193.000000, 0.300000, 0.300000
194.000000, 0.300000, 0.300000
195.000000, 0.300000, 0.300000
196.000000, 0.300000, 0.300000
197.000000, 0.300000, 0.300000
198.000000, 0.300000, 0.300000
199.000000, 0.300000, 0.300000
200.000000, 0.300000, 0.300000
201.000000, 0.300000, 0.300000
202.000000, 0.300000, 0.300000
203.000000, 0.300000, 0.300000
204.000000, 0.300000, 0.300000
205.000000, 0.300000, 0.300000
206.000000, 0.300000, 0.300000
207.000000, 0.300000, 0.300000
208.000000, 0.300000, 0.300000
209.000000, 0.300000, 0.300000
210.000000, 0.300000, 0.300000
211.000000, 0.300000, 0.300000
212.000000, 0.300000, 0.300000
213.000000, 0.300000, 0.300000
214.000000, 0.300000, 0.300000
215.000000, 0.300000, 0.300000
216.000000, 0.300000, 0.300000
217.000000, 0.300000, 0.300000
218.000000, 0.300000, 0.300000
219.000000, 0.300000, 0.300000
220.000000, 0.300000, 0.300000
221.000000, 0.300000, 0.300000
222.000000, 0.300000, 0.300000
223.000000, 0.300000, 0.300000
224.000000, 0.300000, 0.300000
225.000000, 0.300000, 0.300000
226.000000, 0.300000, 0.300000
227.000000, 0.300000, 0.300000
228.000000, 0.300000, 0.300000
229.000000, 0.300000, 0.300000
230.000000, 0.300000, 0.300000
231.000000, 0.300000, 0.300000
232.000000, 0.300000, 0.300000
233.000000, 0.300000, 0.300000
234.000000, 0.300000, 0.300000
235.000000, 0.300000, 0.300000
236.000000, 0.300000, 0.300000
237.000000, 0.300000, 0.300000
238.000000, 0.300000, 0.300000
239.000000, 0.300000, 0.300000
240.000000, 0.300000, 0.300000
241.000000, 0.300000, 0.300000
242.000000, 0.300000, 0.300000
243.000000, 0.300000, 0.300000
244.000000, 0.300000, 0.300000
245.000000, 0.300000, 0.300000
246.000000, 0.300000, 0.300000
247.000000, 0.300000, 0.300000
248.000000, 0.300000, 0.300000
249.000000, 0.300000, 0.300000
250.000000, 0.300000, 0.300000
251.000000, 0.300000, 0.300000
252.000000, 0.300000, 0.300000
253.000000, 0.300000, 0.300000
254.000000, 0.300000, 0.300000
255.000000, 0.300000, 0.300000
256.000000, 0.300000, 0.300000
257.000000, 0.300000, 0.300000
258.000000, 0.300000, 0.300000
259.000000, 0.300000, 0.300000
260.000000, 0.300000, 0.300000
261.000000, 0.300000, 0.300000
262.000000, 0.300000, 0.300000
263.000000, 0.300000, 0.300000
264.000000, 0.300000, 0.300000
265.000000, 0.300000, 0.300000
266.000000, 0.300000, 0.300000
267.000000, 0.300000, 0.300000
268.000000, 0.300000, 0.300000
269.000000, 0.300000, 0.300000
270.000000, 0.300000, 0.300000
271.000000, 0.300000, 0.300000
272.000000, 0.300000, 0.300000
273.000000, 0.300000, 0.300000
274.000000, 0.300000, 0.300000
275.000000, 0.300000, 0.300000
276.000000, 0.300000, 0.300000
277.000000, 0.300000, 0.300000
278.000000, 0.300000, 0.300000
279.000000, 0.300000, 0.300000
280.000000, 0.300000, 0.300000
281.000000, 0.300000, 0.300000
282.000000, 0.300000, 0.300000
283.000000, 0.300000, 0.300000
284.000000, 0.300000, 0.300000
285.000000, 0.300000, 0.300000
286.000000, 0.300000, 0.300000
287.000000, 0.300000, 0.300000
288.000000, 0.300000, 0.300000
289.000000, 0.300000, 0.300000
290.000000, 0.300000, 0.300000
291.000000, 0.300000, 0.300000
292.000000, 0.300000, 0.300000
293.000000, 0.300000, 0.300000
294.000000, 0.300000, 0.300000
295.000000, 0.300000, 0.300000
296.000000, 0.300000, 0.300000
297.000000, 0.300000, 0.300000
298.000000, 0.300000, 0.300000
299.000000, 0.300000, 0.300000
300.000000, 0.300000, 0.300000
301.000000, 0.300000, 0.300000
302.000000, 0.300000, 0.300000
303.000000, 0.300000, 0.300000
304.000000, 0.300000, 0.300000
305.000000, 0.300000, 0.300000
306.000000, 0.300000, 0.300000
307.000000, 0.300000, 0.300000
308.000000, 0.300000, 0.300000
309.000000, 0.300000, 0.300000
310.000000, 0.300000, 0.300000
311.000000, 0.300000, 0.300000
312.000000, 0.300000, 0.300000
313.000000, 0.300000, 0.300000
314.000000, 0.300000, 0.300000
315.000000, 0.300000, 0.300000
316.000000, 0.300000, 0.300000
317.000000, 0.300000, 0.300000
318.000000, 0.300000, 0.300000
319.000000, 0.300000, 0.300000
320.000000, 0.300000, 0.300000
321.000000, 0.300000, 0.300000
322.000000, 0.300000, 0.300000
323.000000, 0.300000, 0.300000
324.000000, 0.300000, 0.300000
325.000000, 0.300000, 0.300000
326.000000, 0.300000, 0.300000
327.000000, 0.300000, 0.300000
328.000000, 0.300000, 0.300000
329.000000, 0.300000, 0.300000
330.000000, 0.300000, 0.300000
331.000000, 0.300000, 0.300000
332.000000, 0.300000, 0.300000
333.000000, 0.300000, 0.300000
334.000000, 0.300000, 0.300000
335.000000, 0.300000, 0.300000
336.000000, 0.300000, 0.300000
337.000000, 0.000000, 0.000000
0.000000, 0.000000, 0.000000
1.000000, -0.300000, 0.300000
2.000000, -0.300000, 0.300000
3.000000, -0.300000, 0.300000
4.000000, -0.300000, 0.300000
5.000000, -0.300000, 0.300000
6.000000, -0.300000, 0.300000
7.000000, -0.300000, 0.300000
8.000000, -0.300000, 0.300000
9.000000, -0.300000, 0.300000
10.000000, -0.300000, 0.300000
11.000000, -0.300000, 0.300000
12.000000, -0.300000, 0.300000
13.000000, -0.300000, 0.300000
14.000000, -0.300000, 0.300000
15.000000, -0.300000, 0.300000
16.000000, -0.300000, 0.300000
17.000000, -0.300000, 0.300000
18.000000, -0.300000, 0.300000
19.000000, -0.300000, 0.300000
20.000000, -0.300000, 0.300000
21.000000, -0.300000, 0.300000
22.000000, -0.300000, 0.300000
23.000000, -0.300000, 0.300000
24.000000, -0.300000, 0.300000
25.000000, -0.300000, 0.300000
26.000000, -0.300000, 0.300000
27.000000, -0.300000, 0.300000
28.000000, -0.300000, 0.300000
29.000000, -0.300000, 0.300000
30.000000, -0.300000, 0.300000
31.000000, -0.300000, 0.300000
32.000000, -0.300000, 0.300000
33.000000, -0.300000, 0.300000
34.000000, -0.300000, 0.300000
35.000000, -0.300000, 0.300000
36.000000, -0.300000, 0.300000
37.000000, -0.300000, 0.300000
38.000000, -0.300000, 0.300000
39.000000, -0.300000, 0.300000
40.000000, -0.300000, 0.300000
41.000000, -0.300000, 0.300000
42.000000, -0.300000, 0.300000
43.000000, -0.300000, 0.300000
44.000000, -0.300000, 0.300000
45.000000, -0.300000, 0.300000
46.000000, -0.300000, 0.300000
47.000000, -0.300000, 0.300000
48.000000, -0.300000, 0.300000
49.000000, -0.300000, 0.300000
50.000000, -0.300000, 0.300000
51.000000, -0.300000, 0.300000
52.000000, -0.300000, 0.300000
53.000000, -0.300000, 0.300000
54.000000, -0.300000, 0.300000
55.000000, -0.300000, 0.300000
56.000000, -0.300000, 0.300000
57.000000, -0.300000, 0.300000
58.000000, -0.300000, 0.300000
59.000000, -0.300000, 0.300000
60.000000, -0.300000, 0.300000
61.000000, -0.300000, 0.300000
62.000000, -0.300000, 0.300000
63.000000, -0.300000, 0.300000
64.000000, -0.300000, 0.300000
65.000000, -0.300000, 0.300000
66.000000, -0.300000, 0.300000
67.000000, -0.300000, 0.300000
68.000000, -0.300000, 0.300000
69.000000, -0.300000, 0.300000
70.000000, -0.300000, 0.300000
71.000000, 0.000000, 0.000000
0.000000, 0.000000, 0.000000
1.000000, 0.300000, 0.300000
2.000000, 0.300000, 0.300000
3.000000, 0.300000, 0.300000
4.000000, 0.300000, 0.300000
5.000000, 0.300000, 0.300000
6.000000, 0.300000, 0.300000
7.000000, 0.300000, 0.300000
8.000000, 0.300000, 0.300000
9.000000, 0.300000, 0.300000
10.000000, 0.300000, 0.300000
11.000000, 0.300000, 0.300000
12.000000, 0.300000, 0.300000
13.000000, 0.300000, 0.300000
14.000000, 0.300000, 0.300000
15.000000, 0.300000, 0.300000
16.000000, 0.300000, 0.300000
17.000000, 0.300000, 0.300000
18.000000, 0.300000, 0.300000
19.000000, 0.300000, 0.300000
20.000000, 0.300000, 0.300000
21.000000, 0.300000, 0.300000
22.000000, 0.300000, 0.300000
23.000000, 0.300000, 0.300000
24.000000, 0.300000, 0.300000
25.000000, 0.300000, 0.300000
26.000000, 0.300000, 0.300000
27.000000, 0.300000, 0.300000
28.000000, 0.300000, 0.300000
29.000000, 0.300000, 0.300000
30.000000, 0.300000, 0.300000
31.000000, 0.300000, 0.300000
32.000000, 0.300000, 0.300000
33.000000, 0.300000, 0.300000
34.000000, 0.300000, 0.300000
35.000000, 0.300000, 0.300000
36.000000, 0.300000, 0.300000
37.000000, 0.300000, 0.300000
38.000000, 0.300000, 0.300000
39.000000, 0.300000, 0.300000
40.000000, 0.300000, 0.300000
41.000000, 0.300000, 0.300000
42.000000, 0.300000, 0.300000
43.000000, 0.300000, 0.300000
44.000000, 0.300000, 0.300000
45.000000, 0.300000, 0.300000
46.000000, 0.300000, 0.300000
47.000000, 0.300000, 0.300000
48.000000, 0.300000, 0.300000
49.000000, 0.300000, 0.300000
50.000000, 0.300000, 0.300000
51.000000, 0.300000, 0.300000
52.000000, 0.300000, 0.300000
53.000000, 0.300000, 0.300000
54.000000, 0.300000, 0.300000
55.000000, 0.300000, 0.300000
56.000000, 0.300000, 0.300000
57.000000, 0.300000, 0.300000
58.000000, 0.300000, 0.300000
59.000000, 0.300000, 0.300000
60.000000, 0.300000, 0.300000
61.000000, 0.300000, 0.300000
62.000000, 0.300000, 0.300000
63.000000, 0.300000, 0.300000
64.000000, 0.300000, 0.300000
65.000000, 0.300000, 0.300000
66.000000, 0.300000, 0.300000
67.000000, 0.300000, 0.300000
68.000000, 0.300000, 0.300000
69.000000, 0.300000, 0.300000
70.000000, 0.300000, 0.300000
71.000000, 0.300000, 0.300000
72.000000, 0.300000, 0.300000
73.000000, 0.300000, 0.300000
74.000000, 0.300000, 0.300000
75.000000, 0.300000, 0.300000
76.000000, 0.300000, 0.300000
77.000000, 0.300000, 0.300000
78.000000, 0.300000, 0.300000
79.000000, 0.300000, 0.300000
80.000000, 0.300000, 0.300000
81.000000, 0.300000, 0.300000
82.000000, 0.300000, 0.300000
83.000000, 0.300000, 0.300000
84.000000, 0.300000, 0.300000
85.000000, 0.300000, 0.300000
86.000000, 0.300000, 0.300000
87.000000, 0.300000, 0.300000
88.000000, 0.300000, 0.300000
89.000000, 0.300000, 0.300000
90.000000, 0.300000, 0.300000
91.000000, 0.300000, 0.300000
92.000000, 0.300000, 0.300000
93.000000, 0.300000, 0.300000
94.000000, 0.300000, 0.300000
95.000000, 0.300000, 0.300000
96.000000, 0.300000, 0.300000
97.000000, 0.300000, 0.300000
98.000000, 0.300000, 0.300000
99.000000, 0.300000, 0.300000
100.000000, 0.300000, 0.300000
101.000000, 0.300000, 0.300000
102.000000, 0.300000, 0.300000
103.000000, 0.300000, 0.300000
104.000000, 0.300000, 0.300000
105.000000, 0.300000, 0.300000
106.000000, 0.300000, 0.300000
107.000000, 0.300000, 0.300000
108.000000, 0.300000, 0.300000
109.000000, 0.300000, 0.300000
110.000000, 0.300000, 0.300000
111.000000, 0.300000, 0.300000
112.000000, 0.300000, 0.300000
113.000000, 0.300000, 0.300000
114.000000, 0.300000, 0.300000
115.000000, 0.300000, 0.300000
116.000000, 0.300000, 0.300000
117.000000, 0.300000, 0.300000
118.000000, 0.300000, 0.300000
119.000000, 0.300000, 0.300000
120.000000, 0.300000, 0.300000
121.000000, 0.300000, 0.300000
122.000000, 0.300000, 0.300000
123.000000, 0.300000, 0.300000
124.000000, 0.300000, 0.300000
125.000000, 0.300000, 0.300000
126.000000, 0.300000, 0.300000
127.000000, 0.300000, 0.300000
128.000000, 0.300000, 0.300000
129.000000, 0.300000, 0.300000
130.000000, 0.300000, 0.300000
131.000000, 0.300000, 0.300000
132.000000, 0.300000, 0.300000
133.000000, 0.300000, 0.300000
134.000000, 0.300000, 0.300000
135.000000, 0.300000, 0.300000
136.000000, 0.300000, 0.300000
137.000000, 0.300000, 0.300000
138.000000, 0.300000, 0.300000
139.000000, 0.300000, 0.300000
140.000000, 0.300000, 0.300000
141.000000, 0.300000, 0.300000
142.000000, 0.300000, 0.300000
143.000000, 0.300000, 0.300000
144.000000, 0.300000, 0.300000
145.000000, 0.300000, 0.300000
146.000000, 0.300000, 0.300000
147.000000, 0.300000, 0.300000
148.000000, 0.300000, 0.300000
149.000000, 0.300000, 0.300000
150.000000, 0.300000, 0.300000
151.000000, 0.300000, 0.300000
152.000000, 0.300000, 0.300000
153.000000, 0.300000, 0.300000
154.000000, 0.300000, 0.300000
155.000000, 0.300000, 0.300000
156.000000, 0.300000, 0.300000
157.000000, 0.300000, 0.300000
158.000000, 0.300000, 0.300000
159.000000, 0.300000, 0.300000
160.000000, 0.300000, 0.300000
161.000000, 0.300000, 0.300000
162.000000, 0.300000, 0.300000
163.000000, 0.300000, 0.300000
164.000000, 0.300000, 0.300000
165.000000, 0.300000, 0.300000
166.000000, 0.300000, 0.300000
167.000000, 0.300000, 0.300000
168.000000, 0.300000, 0.300000
169.000000, 0.300000, 0.300000
170.000000, 0.300000, 0.300000
171.000000, 0.300000, 0.300000
172.000000, 0.300000, 0.300000
173.000000, 0.300000, 0.300000
174.000000, 0.300000, 0.300000
175.000000, 0.300000, 0.300000
176.000000, 0.300000, 0.300000
177.000000, 0.300000, 0.300000
178.000000, 0.300000, 0.300000
179.000000, 0.300000, 0.300000
180.000000, 0.300000, 0.300000
181.000000, 0.300000, 0.300000
182.000000, 0.300000, 0.300000
183.000000, 0.300000, 0.300000
184.000000, 0.300000, 0.300000
185.000000, 0.300000, 0.300000
186.000000, 0.300000, 0.300000
187.000000, 0.300000, 0.300000
188.000000, 0.300000, 0.300000
189.000000, 0.300000, 0.300000
190.000000, 0.300000, 0.300000
191.000000, 0.300000, 0.300000
192.000000, 0.300000, 0.300000
193.000000, 0.300000, 0.300000
194.000000, 0.300000, 0.300000
195.000000, 0.300000, 0.300000
196.000000, 0.300000, 0.300000
197.000000, 0.300000, 0.300000
198.000000, 0.300000, 0.300000
199.000000, 0.300000, 0.300000
200.000000, 0.300000, 0.300000
201.000000, 0.300000, 0.300000
202.000000, 0.300000, 0.300000
203.000000, 0.300000, 0.300000
204.000000, 0.300000, 0.300000
205.000000, 0.300000, 0.300000
206.000000, 0.300000, 0.300000
207.000000, 0.300000, 0.300000
208.000000, 0.300000, 0.300000
209.000000, 0.300000, 0.300000
210.000000, 0.300000, 0.300000
211.000000, 0.300000, 0.300000
212.000000, 0.300000, 0.300000
213.000000, 0.300000, 0.300000
214.000000, 0.300000, 0.300000
215.000000, 0.300000, 0.300000
216.000000, 0.300000, 0.300000
217.000000, 0.300000, 0.300000
218.000000, 0.300000, 0.300000
219.000000, 0.300000, 0.300000
220.000000, 0.300000, 0.300000
221.000000, 0.300000, 0.300000
222.000000, 0.300000, 0.300000
223.000000, 0.300000, 0.300000
224.000000, 0.300000, 0.300000
225.000000, 0.300000, 0.300000
226.000000, 0.300000, 0.300000
227.000000, 0.300000, 0.300000
228.000000, 0.300000, 0.300000
229.000000, 0.300000, 0.300000
230.000000, 0.300000, 0.300000
231.000000, 0.300000, 0.300000
232.000000, 0.300000, 0.300000
233.000000, 0.300000, 0.300000
234.000000, 0.300000, 0.300000
235.000000, 0.300000, 0.300000
236.000000, 0.300000, 0.300000
237.000000, 0.300000, 0.300000
238.000000, 0.300000, 0.300000
239.000000, 0.300000, 0.300000
240.000000, 0.300000, 0.300000
241.000000, 0.300000, 0.300000
242.000000, 0.300000, 0.300000
243.000000, 0.300000, 0.300000
244.000000, 0.300000, 0.300000
245.000000, 0.300000, 0.300000
246.000000, 0.300000, 0.300000
247.000000, 0.300000, 0.300000
248.000000, 0.300000, 0.300000
249.000000, 0.300000, 0.300000
250.000000, 0.300000, 0.300000
251.000000, 0.300000, 0.300000
252.000000, 0.300000, 0.300000
253.000000, 0.300000, 0.300000
254.000000, 0.300000, 0.300000
255.000000, 0.300000, 0.300000
256.000000, 0.300000, 0.300000
257.000000, 0.300000, 0.300000
258.000000, 0.300000, 0.300000
259.000000, 0.300000, 0.300000
260.000000, 0.300000, 0.300000
261.000000, 0.300000, 0.300000
262.000000, 0.300000, 0.300000
263.000000, 0.300000, 0.300000
264.000000, 0.300000, 0.300000
265.000000, 0.300000, 0.300000
266.000000, 0.300000, 0.300000
267.000000, 0.300000, 0.300000
268.000000, 0.300000, 0.300000
269.000000, 0.300000, 0.300000
270.000000, 0.300000, 0.300000
271.000000, 0.300000, 0.300000
272.000000, 0.300000, 0.300000
273.000000, 0.300000, 0.300000
274.000000, 0.300000, 0.300000
275.000000, 0.300000, 0.300000
276.000000, 0.300000, 0.300000
277.000000, 0.300000, 0.300000
278.000000, 0.300000, 0.300000
279.000000, 0.300000, 0.300000
280.000000, 0.300000, 0.300000
281.000000, 0.300000, 0.300000
282.000000, 0.300000, 0.300000
283.000000, 0.300000, 0.300000
284.000000, 0.300000, 0.300000
285.000000, 0.300000, 0.300000
286.000000, 0.300000, 0.300000
287.000000, 0.300000, 0.300000
288.000000, 0.300000, 0.300000
289.000000, 0.300000, 0.300000
290.000000, 0.300000, 0.300000
291.000000, 0.300000, 0.300000
292.000000, 0.300000, 0.300000
293.000000, 0.300000, 0.300000
294.000000, 0.300000, 0.300000
295.000000, 0.300000, 0.300000
296.000000, 0.300000, 0.300000
297.000000, 0.300000, 0.300000
298.000000, 0.300000, 0.300000
299.000000, 0.300000, 0.300000
300.000000, 0.300000, 0.300000
301.000000, 0.300000, 0.300000
302.000000, 0.300000, 0.300000
303.000000, 0.300000, 0.300000
304.000000, 0.300000, 0.300000
305.000000, 0.300000, 0.300000
306.000000, 0.300000, 0.300000
307.000000, 0.300000, 0.300000
308.000000, 0.300000, 0.300000
309.000000, 0.300000, 0.300000
310.000000, 0.300000, 0.300000
311.000000, 0.300000, 0.300000
312.000000, 0.300000, 0.300000
313.000000, 0.300000, 0.300000
314.000000, 0.300000, 0.300000
315.000000, 0.300000, 0.300000
316.000000, 0.300000, 0.300000
317.000000, 0.300000, 0.300000
318.000000, 0.300000, 0.300000
319.000000, 0.300000, 0.300000
320.000000, 0.300000, 0.300000
321.000000, 0.300000, 0.300000
322.000000, 0.300000, 0.300000
323.000000, 0.300000, 0.300000
324.000000, 0.300000, 0.300000
325.000000, 0.300000, 0.300000
326.000000, 0.300000, 0.300000
327.000000, 0.300000, 0.300000
328.000000, 0.300000, 0.300000
329.000000, 0.300000, 0.300000
330.000000, 0.300000, 0.300000
331.000000, 0.300000, 0.300000
332.000000, 0.300000, 0.300000
333.000000, 0.300000, 0.300000
334.000000, 0.300000, 0.300000
335.000000, 0.300000, 0.300000
336.000000, 0.300000, 0.300000
337.000000, 0.000000, 0.000000
0.000000, 0.000000, 0.000000
1.000000, -0.300000, 0.300000
2.000000, -0.300000, 0.300000
3.000000, -0.300000, 0.300000
4.000000, -0.300000, 0.300000
5.000000, -0.300000, 0.300000
6.000000, -0.300000, 0.300000
7.000000, -0.300000, 0.300000
8.000000, -0.300000, 0.300000
9.000000, -0.300000, 0.300000
10.000000, -0.300000, 0.300000
11.000000, -0.300000, 0.300000
12.000000, -0.300000, 0.300000
13.000000, -0.300000, 0.300000
14.000000, -0.300000, 0.300000
15.000000, -0.300000, 0.300000
16.000000, -0.300000, 0.300000
17.000000, -0.300000, 0.300000
18.000000, -0.300000, 0.300000
19.000000, -0.300000, 0.300000
20.000000, -0.300000, 0.300000
21.000000, -0.300000, 0.300000
22.000000, -0.300000, 0.300000
23.000000, -0.300000, 0.300000
24.000000, -0.300000, 0.300000
25.000000, -0.300000, 0.300000
26.000000, -0.300000, 0.300000
27.000000, -0.300000, 0.300000
28.000000, -0.300000, 0.300000
29.000000, -0.300000, 0.300000
30.000000, -0.300000, 0.300000
31.000000, -0.300000, 0.300000
32.000000, -0.300000, 0.300000
33.000000, -0.300000, 0.300000
34.000000, -0.300000, 0.300000
35.000000, -0.300000, 0.300000
36.000000, -0.300000, 0.300000
37.000000, -0.300000, 0.300000
38.000000, -0.300000, 0.300000
39.000000, -0.300000, 0.300000
40.000000, -0.300000, 0.300000
41.000000, -0.300000, 0.300000
42.000000, -0.300000, 0.300000
43.000000, -0.300000, 0.300000
44.000000, -0.300000, 0.300000
45.000000, -0.300000, 0.300000
46.000000, -0.300000, 0.300000
47.000000, -0.300000, 0.300000
48.000000, -0.300000, 0.300000
49.000000, -0.300000, 0.300000
50.000000, -0.300000, 0.300000
51.000000, -0.300000, 0.300000
52.000000, -0.300000, 0.300000
53.000000, -0.300000, 0.300000
54.000000, -0.300000, 0.300000
55.000000, -0.300000, 0.300000
56.000000, -0.300000, 0.300000
57.000000, -0.300000, 0.300000
58.000000, -0.300000, 0.300000
59.000000, -0.300000, 0.300000
60.000000, -0.300000, 0.300000
61.000000, -0.300000, 0.300000
62.000000, -0.300000, 0.300000
63.000000, -0.300000, 0.300000
64.000000, -0.300000, 0.300000
65.000000, -0.300000, 0.300000
66.000000, -0.300000, 0.300000
67.000000, -0.300000, 0.300000
68.000000, -0.300000, 0.300000
69.000000, -0.300000, 0.300000
70.000000, -0.300000, 0.300000
71.000000, 0.000000, 0.000000
0.000000, 0.000000, 0.000000
1.000000, 0.300000, 0.300000
2.000000, 0.300000, 0.300000
3.000000, 0.300000, 0.300000
4.000000, 0.300000, 0.300000
5.000000, 0.300000, 0.300000
6.000000, 0.300000, 0.300000
7.000000, 0.300000, 0.300000
8.000000, 0.300000, 0.300000
9.000000, 0.300000, 0.300000
10.000000, 0.300000, 0.300000
11.000000, 0.300000, 0.300000
12.000000, 0.300000, 0.300000
13.000000, 0.300000, 0.300000
14.000000, 0.300000, 0.300000
15.000000, 0.300000, 0.300000
16.000000, 0.300000, 0.300000
17.000000, 0.300000, 0.300000
18.000000, 0.300000, 0.300000
19.000000, 0.300000, 0.300000
20.000000, 0.300000, 0.300000
21.000000, 0.300000, 0.300000
22.000000, 0.300000, 0.300000
23.000000, 0.300000, 0.300000
24.000000, 0.300000, 0.300000
25.000000, 0.300000, 0.300000
26.000000, 0.300000, 0.300000
27.000000, 0.300000, 0.300000
28.000000, 0.300000, 0.300000
29.000000, 0.300000, 0.300000
30.000000, 0.300000, 0.300000
31.000000, 0.300000, 0.300000
32.000000, 0.300000, 0.300000
33.000000, 0.300000, 0.300000
34.000000, 0.300000, 0.300000
35.000000, 0.300000, 0.300000
36.000000, 0.300000, 0.300000
37.000000, 0.300000, 0.300000
38.000000, 0.300000, 0.300000
39.000000, 0.300000, 0.300000
40.000000, 0.300000, 0.300000
41.000000, 0.300000, 0.300000
42.000000, 0.300000, 0.300000
43.000000, 0.300000, 0.300000
44.000000, 0.300000, 0.300000
45.000000, 0.300000, 0.300000
46.000000, 0.300000, 0.300000
47.000000, 0.300000, 0.300000
48.000000, 0.300000, 0.300000
49.000000, 0.300000, 0.300000
50.000000, 0.300000, 0.300000
51.000000, 0.300000, 0.300000
52.000000, 0.300000, 0.300000
53.000000, 0.300000, 0.300000
54.000000, 0.300000, 0.300000
55.000000, 0.300000, 0.300000
56.000000, 0.300000, 0.300000
57.000000, 0.300000, 0.300000
58.000000, 0.300000, 0.300000
59.000000, 0.300000, 0.300000
60.000000, 0.300000, 0.300000
61.000000, 0.300000, 0.300000
62.000000, 0.300000, 0.300000
63.000000, 0.300000, 0.300000
64.000000, 0.300000, 0.300000
65.000000, 0.300000, 0.300000
66.000000, 0.300000, 0.300000
67.000000, 0.300000, 0.300000
68.000000, 0.300000, 0.300000
69.000000, 0.300000, 0.300000
70.000000, 0.300000, 0.300000
71.000000, 0.300000, 0.300000
72.000000, 0.300000, 0.300000
73.000000, 0.300000, 0.300000
74.000000, 0.300000, 0.300000
75.000000, 0.300000, 0.300000
76.000000, 0.300000, 0.300000
77.000000, 0.300000, 0.300000
78.000000, 0.300000, 0.300000
79.000000, 0.300000, 0.300000
80.000000, 0.300000, 0.300000
81.000000, 0.300000, 0.300000
82.000000, 0.300000, 0.300000
83.000000, 0.300000, 0.300000
84.000000, 0.300000, 0.300000
85.000000, 0.300000, 0.300000
86.000000, 0.300000, 0.300000
87.000000, 0.300000, 0.300000
88.000000, 0.300000, 0.300000
89.000000, 0.300000, 0.300000
90.000000, 0.300000, 0.300000
91.000000, 0.300000, 0.300000
92.000000, 0.300000, 0.300000
93.000000, 0.300000, 0.300000
94.000000, 0.300000, 0.300000
95.000000, 0.300000, 0.300000
96.000000, 0.300000, 0.300000
97.000000, 0.300000, 0.300000
98.000000, 0.300000, 0.300000
99.000000, 0.300000, 0.300000
100.000000, 0.300000, 0.300000
101.000000, 0.300000, 0.300000
102.000000, 0.300000, 0.300000
103.000000, 0.300000, 0.300000
104.000000, 0.300000, 0.300000
105.000000, 0.300000, 0.300000
106.000000, 0.300000, 0.300000
107.000000, 0.300000, 0.300000
108.000000, 0.300000, 0.300000
109.000000, 0.300000, 0.300000
110.000000, 0.300000, 0.300000
111.000000, 0.300000, 0.300000
112.000000, 0.300000, 0.300000
113.000000, 0.300000, 0.300000
114.000000, 0.300000, 0.300000
115.000000, 0.300000, 0.300000
116.000000, 0.300000, 0.300000
117.000000, 0.300000, 0.300000
118.000000, 0.300000, 0.300000
119.000000, 0.300000, 0.300000
120.000000, 0.300000, 0.300000
121.000000, 0.300000, 0.300000
122.000000, 0.300000, 0.300000
123.000000, 0.300000, 0.300000
124.000000, 0.300000, 0.300000
125.000000, 0.300000, 0.300000
126.000000, 0.300000, 0.300000
127.000000, 0.300000, 0.300000
128.000000, 0.300000, 0.300000
129.000000, 0.300000, 0.300000
130.000000, 0.300000, 0.300000
131.000000, 0.300000, 0.300000
132.000000, 0.300000, 0.300000
133.000000, 0.300000, 0.300000
134.000000, 0.300000, 0.300000
135.000000, 0.300000, 0.300000
136.000000, 0.300000, 0.300000
137.000000, 0.300000, 0.300000
138.000000, 0.300000, 0.300000
139.000000, 0.300000, 0.300000
140.000000, 0.300000, 0.300000
141.000000, 0.300000, 0.300000
142.000000, 0.300000, 0.300000
143.000000, 0.300000, 0.300000
144.000000, 0.300000, 0.300000
145.000000, 0.300000, 0.300000
146.000000, 0.300000, 0.300000
147.000000, 0.300000, 0.300000
148.000000, 0.300000, 0.300000
149.000000, 0.300000, 0.300000
150.000000, 0.300000, 0.300000
151.000000, 0.300000, 0.300000
152.000000, 0.300000, 0.300000
153.000000, 0.300000, 0.300000
154.000000, 0.300000, 0.300000
155.000000, 0.300000, 0.300000
156.000000, 0.300000, 0.300000
157.000000, 0.300000, 0.300000
158.000000, 0.300000, 0.300000
159.000000, 0.300000, 0.300000
160.000000, 0.300000, 0.300000
161.000000, 0.300000, 0.300000
162.000000, 0.300000, 0.300000
163.000000, 0.300000, 0.300000
164.000000, 0.300000, 0.300000
165.000000, 0.300000, 0.300000
166.000000, 0.300000, 0.300000
167.000000, 0.300000, 0.300000
168.000000, 0.300000, 0.300000
169.000000, 0.300000, 0.300000
170.000000, 0.300000, 0.300000
171.000000, 0.300000, 0.300000
172.000000, 0.300000, 0.300000
173.000000, 0.300000, 0.300000
174.000000, 0.300000, 0.300000
175.000000, 0.300000, 0.300000
176.000000, 0.300000, 0.300000
177.000000, 0.300000, 0.300000
178.000000, 0.300000, 0.300000
179.000000, 0.300000, 0.300000
180.000000, 0.300000, 0.300000
181.000000, 0.300000, 0.300000
182.000000, 0.300000, 0.300000
183.000000, 0.300000, 0.300000
184.000000, 0.300000, 0.300000
185.000000, 0.300000, 0.300000
186.000000, 0.300000, 0.300000
187.000000, 0.300000, 0.300000
188.000000, 0.300000, 0.300000
189.000000, 0.300000, 0.300000
190.000000, 0.300000, 0.300000
191.000000, 0.300000, 0.300000
192.000000, 0.300000, 0.300000
193.000000, 0.300000, 0.300000
194.000000, 0.300000, 0.300000
195.000000, 0.300000, 0.300000
196.000000, 0.300000, 0.300000
197.000000, 0.300000, 0.300000
198.000000, 0.300000, 0.300000
199.000000, 0.300000, 0.300000
200.000000, 0.300000, 0.300000
201.000000, 0.300000, 0.300000
202.000000, 0.300000, 0.300000
203.000000, 0.300000, 0.300000
204.000000, 0.300000, 0.300000
205.000000, 0.300000, 0.300000
206.000000, 0.300000, 0.300000
207.000000, 0.300000, 0.300000
208.000000, 0.300000, 0.300000
209.000000, 0.300000, 0.300000
210.000000, 0.300000, 0.300000
211.000000, 0.300000, 0.300000
212.000000, 0.300000, 0.300000
213.000000, 0.300000, 0.300000
214.000000, 0.300000, 0.300000
215.000000, 0.300000, 0.300000
216.000000, 0.300000, 0.300000
217.000000, 0.300000, 0.300000
218.000000, 0.300000, 0.300000
219.000000, 0.300000, 0.300000
220.000000, 0.300000, 0.300000
221.000000, 0.300000, 0.300000
222.000000, 0.300000, 0.300000
223.000000, 0.300000, 0.300000
224.000000, 0.300000, 0.300000
225.000000, 0.300000, 0.300000
226.000000, 0.300000, 0.300000
227.000000, 0.300000, 0.300000
228.000000, 0.300000, 0.300000
229.000000, 0.300000, 0.300000
230.000000, 0.300000, 0.300000
231.000000, 0.300000, 0.300000
232.000000, 0.300000, 0.300000
233.000000, 0.300000, 0.300000
234.000000, 0.300000, 0.300000
235.000000, 0.300000, 0.300000
236.000000, 0.300000, 0.300000
237.000000, 0.300000, 0.300000
238.000000, 0.300000, 0.300000
239.000000, 0.300000, 0.300000
240.000000, 0.300000, 0.300000
241.000000, 0.300000, 0.300000
242.000000, 0.300000, 0.300000
243.000000, 0.300000, 0.300000
244.000000, 0.300000, 0.300000
245.000000, 0.300000, 0.300000
246.000000, 0.300000, 0.300000
247.000000, 0.300000, 0.300000
248.000000, 0.300000, 0.300000
249.000000, 0.300000, 0.300000
250.000000, 0.300000, 0.300000
251.000000, 0.300000, 0.300000
252.000000, 0.300000, 0.300000
253.000000, 0.300000, 0.300000
254.000000, 0.300000, 0.300000
255.000000, 0.300000, 0.300000
256.000000, 0.300000, 0.300000
257.000000, 0.300000, 0.300000
258.000000, 0.300000, 0.300000
259.000000, 0.300000, 0.300000
260.000000, 0.300000, 0.300000
261.000000, 0.300000, 0.300000
262.000000, 0.300000, 0.300000
263.000000, 0.300000, 0.300000
264.000000, 0.300000, 0.300000
265.000000, 0.300000, 0.300000
266.000000, 0.300000, 0.300000
267.000000, 0.300000, 0.300000
268.000000, 0.300000, 0.300000
269.000000, 0.300000, 0.300000
270.000000, 0.300000, 0.300000
271.000000, 0.300000, 0.300000
272.000000, 0.300000, 0.300000
273.000000, 0.300000, 0.300000
274.000000, 0.300000, 0.300000
275.000000, 0.300000, 0.300000
276.000000, 0.300000, 0.300000
277.000000, 0.300000, 0.300000
278.000000, 0.300000, 0.300000
279.000000, 0.300000, 0.300000
280.000000, 0.300000, 0.300000
281.000000, 0.300000, 0.300000
282.000000, 0.300000, 0.300000
283.000000, 0.300000, 0.300000
284.000000, 0.300000, 0.300000
285.000000, 0.300000, 0.300000
286.000000, 0.300000, 0.300000
287.000000, 0.300000, 0.300000
288.000000, 0.300000, 0.300000
289.000000, 0.300000, 0.300000
290.000000, 0.300000, 0.300000
291.000000, 0.300000, 0.300000
292.000000, 0.300000, 0.300000
293.000000, 0.300000, 0.300000
294.000000, 0.300000, 0.300000
295.000000, 0.300000, 0.300000
296.000000, 0.300000, 0.300000
297.000000, 0.300000, 0.300000
298.000000, 0.300000, 0.300000
299.000000, 0.300000, 0.300000
300.000000, 0.300000, 0.300000
301.000000, 0.300000, 0.300000
302.000000, 0.300000, 0.300000
303.000000, 0.300000, 0.300000
304.000000, 0.300000, 0.300000
305.000000, 0.300000, 0.300000
306.000000, 0.300000, 0.300000
307.000000, 0.300000, 0.300000
308.000000, 0.300000, 0.300000
309.000000, 0.300000, 0.300000
310.000000, 0.300000, 0.300000
311.000000, 0.300000, 0.300000
312.000000, 0.300000, 0.300000
313.000000, 0.300000, 0.300000
314.000000, 0.300000, 0.300000
315.000000, 0.300000, 0.300000
316.000000, 0.300000, 0.300000
317.000000, 0.300000, 0.300000
318.000000, 0.300000, 0.300000
319.000000, 0.300000, 0.300000
320.000000, 0.300000, 0.300000
321.000000, 0.300000, 0.300000
322.000000, 0.300000, 0.300000
323.000000, 0.300000, 0.300000
324.000000, 0.300000, 0.300000
325.000000, 0.300000, 0.300000
326.000000, 0.300000, 0.300000
327.000000, 0.300000, 0.300000
328.000000, 0.300000, 0.300000
329.000000, 0.300000, 0.300000
330.000000, 0.300000, 0.300000
331.000000, 0.300000, 0.300000
332.000000, 0.300000, 0.300000
333.000000, 0.300000, 0.300000
334.000000, 0.300000, 0.300000
335.000000, 0.300000, 0.300000
336.000000, 0.300000, 0.300000
337.000000, 0.000000, 0.000000
0.000000, 0.000000, 0.000000
1.000000, -0.300000, 0.300000
2.000000, -0.300000, 0.300000
3.000000, -0.300000, 0.300000
4.000000, -0.300000, 0.300000
5.000000, -0.300000, 0.300000
6.000000, -0.300000, 0.300000
7.000000, -0.300000, 0.300000
8.000000, -0.300000, 0.300000
9.000000, -0.300000, 0.300000
10.000000, -0.300000, 0.300000
11.000000, -0.300000, 0.300000
12.000000, -0.300000, 0.300000
13.000000, -0.300000, 0.300000
14.000000, -0.300000, 0.300000
15.000000, -0.300000, 0.300000
16.000000, -0.300000, 0.300000
17.000000, -0.300000, 0.300000
18.000000, -0.300000, 0.300000
19.000000, -0.300000, 0.300000
20.000000, -0.300000, 0.300000
21.000000, -0.300000, 0.300000
22.000000, -0.300000, 0.300000
23.000000, -0.300000, 0.300000
24.000000, -0.300000, 0.300000
25.000000, -0.300000, 0.300000
26.000000, -0.300000, 0.300000
27.000000, -0.300000, 0.300000
28.000000, -0.300000, 0.300000
29.000000, -0.300000, 0.300000
30.000000, -0.300000, 0.300000
31.000000, -0.300000, 0.300000
32.000000, -0.300000, 0.300000
33.000000, -0.300000, 0.300000
34.000000, -0.300000, 0.300000
35.000000, -0.300000, 0.300000
36.000000, -0.300000, 0.300000
37.000000, -0.300000, 0.300000
38.000000, -0.300000, 0.300000
39.000000, -0.300000, 0.300000
40.000000, -0.300000, 0.300000
41.000000, -0.300000, 0.300000
42.000000, -0.300000, 0.300000
43.000000, -0.300000, 0.300000
44.000000, -0.300000, 0.300000
45.000000, -0.300000, 0.300000
46.000000, -0.300000, 0.300000
47.000000, -0.300000, 0.300000
48.000000, -0.300000, 0.300000
49.000000, -0.300000, 0.300000
50.000000, -0.300000, 0.300000
51.000000, -0.300000, 0.300000
52.000000, -0.300000, 0.300000
53.000000, -0.300000, 0.300000
54.000000, -0.300000, 0.300000
55.000000, -0.300000, 0.300000
56.000000, -0.300000, 0.300000
57.000000, -0.300000, 0.300000
58.000000, -0.300000, 0.300000
59.000000, -0.300000, 0.300000
60.000000, -0.300000, 0.300000
61.000000, -0.300000, 0.300000
62.000000, -0.300000, 0.300000
63.000000, -0.300000, 0.300000
64.000000, -0.300000, 0.300000
65.000000, -0.300000, 0.300000
66.000000, -0.300000, 0.300000
67.000000, -0.300000, 0.300000
68.000000, -0.300000, 0.300000
69.000000, -0.300000, 0.300000
70.000000, -0.300000, 0.300000
71.000000, 0.000000, 0.000000
0.000000, 0.000000, 0.000000
0.000000, 0.000000, 0.000000
0.000000, 0.000000, 0.000000
0.000000, 0.000000, 0.000000
0.000000, 0.000000, 0.000000
0.000000, 0.000000, 0.000000
0.000000, 0.000000, 0.000000
0.000000, 0.000000, 0.000000
0.000000, 0.000000, 0.000000
0.000000, 0.000000, 0.000000
0.000000, 0.000000, 0.000000
0.000000, 0.000000, 0.000000
0.000000, 0.000000, 0.000000
0.000000, 0.000000, 0.000000
0.000000, 0.000000, 0.000000
0.000000, 0.000000, 0.000000
0.000000, 0.000000, 0.000000
0.000000, 0.000000, 0.000000
0.000000, 0.000000, 0.000000
0.000000, 0.000000, 0.000000
0.000000, 0.000000, 0.000000
0.000000, 0.000000, 0.000000
0.000000, 0.000000, 0.000000
0.000000, 0.000000, 0.000000
0.000000, 0.000000, 0.000000
0.000000, 0.000000, 0.000000
0.000000, 0.000000, 0.000000
0.000000, 0.000000, 0.000000
0.000000, 0.000000, 0.000000
0.000000, 0.000000, 0.000000
0.000000, 0.000000, 0.000000
0.000000, 0.000000, 0.000000
0.000000, 0.000000, 0.000000
0.000000, 0.000000, 0.000000
0.000000, 0.000000, 0.000000
0.000000, 0.000000, 0.000000
0.000000, 0.000000, 0.000000
0.000000, 0.000000, 0.000000
0.000000, 0.000000, 0.000000
0.000000, 0.000000, 0.000000
0.000000, 0.000000, 0.000000
0.000000, 0.000000, 0.000000
0.000000, 0.000000, 0.000000
0.000000, 0.000000, 0.000000
0.000000, 0.000000, 0.000000
0.000000, 0.000000, 0.000000
0.000000, 0.000000, 0.000000
0.000000, 0.000000, 0.000000
0.000000, 0.000000, 0.000000
0.000000, 0.000000, 0.000000
0.000000, 0.000000, 0.000000
0.000000, 0.000000, 0.000000
0.000000, 0.000000, 0.000000
0.000000, 0.000000, 0.000000
0.000000, 0.000000, 0.000000
0.000000, 0.000000, 0.000000
0.000000, 0.000000, 0.000000
0.000000, 0.000000, 0.000000
0.000000, 0.000000, 0.000000
0.000000, 0.000000, 0.000000
0.000000, 0.000000, 0.000000
0.000000, 0.000000, 0.000000
0.000000, 0.000000, 0.000000
0.000000, 0.000000, 0.000000
0.000000, 0.000000, 0.000000
0.000000, 0.000000, 0.000000
0.000000, 0.000000, 0.000000
0.000000, 0.000000, 0.000000
0.000000, 0.000000, 0.000000
0.000000, 0.000000, 0.000000
0.000000, 0.000000, 0.000000
0.000000, 0.000000, 0.000000
0.000000, 0.000000, 0.000000
0.000000, 0.000000, 0.000000
0.000000, 0.000000, 0.000000
0.000000, 0.000000, 0.000000
0.000000, 0.000000, 0.000000
0.000000, 0.000000, 0.000000
0.000000, 0.000000, 0.000000
0.000000, 0.000000, 0.000000
0.000000, 0.000000, 0.000000
0.000000, 0.000000, 0.000000
0.000000, 0.000000, 0.000000
0.000000, 0.000000, 0.000000
0.000000, 0.000000, 0.000000
0.000000, 0.000000, 0.000000
0.000000, 0.000000, 0.000000
0.000000, 0.000000, 0.000000
0.000000, 0.000000, 0.000000
0.000000, 0.000000, 0.000000
0.000000, 0.000000, 0.000000
0.000000, 0.000000, 0.000000
0.000000, 0.000000, 0.000000
0.000000, 0.000000, 0.000000
0.000000, 0.000000, 0.000000
0.000000, 0.000000, 0.000000
0.000000, 0.000000, 0.000000
0.000000, 0.000000, 0.000000
0.000000, 0.000000, 0.000000
0.000000, 0.000000, 0.000000
0.000000, 0.000000, 0.000000
0.000000, 0.000000, 0.000000
0.000000, 0.000000, 0.000000
0.000000, 0.000000, 0.000000
0.000000, 0.000000, 0.000000
0.000000, 0.000000, 0.000000
0.000000, 0.000000, 0.000000
0.000000, 0.000000, 0.000000
0.000000, 0.000000, 0.000000
0.000000, 0.000000, 0.000000
0.000000, 0.000000, 0.000000
0.000000, 0.000000, 0.000000
0.000000, 0.000000, 0.000000
0.000000, 0.000000, 0.000000
0.000000, 0.000000, 0.000000
0.000000, 0.000000, 0.000000
0.000000, 0.000000, 0.000000
0.000000, 0.000000, 0.000000
0.000000, 0.000000, 0.000000
0.000000, 0.000000, 0.000000
0.000000, 0.000000, 0.000000
0.000000, 0.000000, 0.000000
0.000000, 0.000000, 0.000000
0.000000, 0.000000, 0.000000
0.000000, 0.000000, 0.000000
0.000000, 0.000000, 0.000000
0.000000, 0.000000, 0.000000
0.000000, 0.000000, 0.000000
0.000000, 0.000000, 0.000000
0.000000, 0.000000, 0.000000
0.000000, 0.000000, 0.000000
0.000000, 0.000000, 0.000000
0.000000, 0.000000, 0.000000
0.000000, 0.000000, 0.000000
0.000000, 0.000000, 0.000000
0.000000, 0.000000, 0.000000
0.000000, 0.000000, 0.000000
0.000000, 0.000000, 0.000000
0.000000, 0.000000, 0.000000
0.000000, 0.000000, 0.000000
0.000000, 0.000000, 0.000000
0.000000, 0.000000, 0.000000
0.000000, 0.000000, 0.000000
0.000000, 0.000000, 0.000000
0.000000, 0.000000, 0.000000
0.000000, 0.000000, 0.000000
0.000000, 0.000000, 0.000000
0.000000, 0.000000, 0.000000
0.000000, 0.000000, 0.000000
0.000000, 0.000000, 0.000000
0.000000, 0.000000, 0.000000
0.000000, 0.000000, 0.000000
0.000000, 0.000000, 0.000000
0.000000, 0.000000, 0.000000
0.000000, 0.000000, 0.000000
0.000000, 0.000000, 0.000000
0.000000, 0.000000, 0.000000
0.000000, 0.000000, 0.000000
0.000000, 0.000000, 0.000000
0.000000, 0.000000, 0.000000
0.000000, 0.000000, 0.000000
0.000000, 0.000000, 0.000000
0.000000, 0.000000, 0.000000
0.000000, 0.000000, 0.000000
0.000000, 0.000000, 0.000000
0.000000, 0.000000, 0.000000
0.000000, 0.000000, 0.000000
0.000000, 0.000000, 0.000000
0.000000, 0.000000, 0.000000
0.000000, 0.000000, 0.000000
0.000000, 0.000000, 0.000000
0.000000, 0.000000, 0.000000
0.000000, 0.000000, 0.000000
0.000000, 0.000000, 0.000000
0.000000, 0.000000, 0.000000
0.000000, 0.000000, 0.000000
0.000000, 0.000000, 0.000000
0.000000, 0.000000, 0.000000
0.000000, 0.000000, 0.000000
0.000000, 0.000000, 0.000000
0.000000, 0.000000, 0.000000
0.000000, 0.000000, 0.000000
0.000000, 0.000000, 0.000000
0.000000, 0.000000, 0.000000
0.000000, 0.000000, 0.000000
0.000000, 0.000000, 0.000000
0.000000, 0.000000, 0.000000
0.000000, 0.000000, 0.000000
0.000000, 0.000000, 0.000000
0.000000, 0.000000, 0.000000
0.000000, 0.000000, 0.000000
0.000000, 0.000000, 0.000000
0.000000, 0.000000, 0.000000
0.000000, 0.000000, 0.000000
0.000000, 0.000000, 0.000000
0.000000, 0.000000, 0.000000
0.000000, 0.000000, 0.000000
0.000000, 0.000000, 0.000000
0.000000, 0.000000, 0.000000
0.000000, 0.000000, 0.000000
0.000000, 0.000000, 0.000000
0.000000, 0.000000, 0.000000
0.000000, 0.000000, 0.000000
0.000000, 0.000000, 0.000000
0.000000, 0.000000, 0.000000
0.000000, 0.000000, 0.000000
0.000000, 0.000000, 0.000000
0.000000, 0.000000, 0.000000
0.000000, 0.000000, 0.000000
0.000000, 0.000000, 0.000000
0.000000, 0.000000, 0.000000
0.000000, 0.000000, 0.000000
0.000000, 0.000000, 0.000000
0.000000, 0.000000, 0.000000
0.000000, 0.000000, 0.000000
0.000000, 0.000000, 0.000000
0.000000, 0.000000, 0.000000
0.000000, 0.000000, 0.000000
0.000000, 0.000000, 0.000000
0.000000, 0.000000, 0.000000
0.000000, 0.000000, 0.000000
0.000000, 0.000000, 0.000000
0.000000, 0.000000, 0.000000
0.000000, 0.000000, 0.000000
0.000000, 0.000000, 0.000000
0.000000, 0.000000, 0.000000
0.000000, 0.000000, 0.000000
0.000000, 0.000000, 0.000000
0.000000, 0.000000, 0.000000
0.000000, 0.000000, 0.000000
0.000000, 0.000000, 0.000000
0.000000, 0.000000, 0.000000
0.000000, 0.000000, 0.000000
0.000000, 0.000000, 0.000000
0.000000, 0.000000, 0.000000
0.000000, 0.000000, 0.000000
0.000000, 0.000000, 0.000000
0.000000, 0.000000, 0.000000
0.000000, 0.000000, 0.000000
0.000000, 0.000000, 0.000000
0.000000, 0.000000, 0.000000
0.000000, 0.000000, 0.000000
0.000000, 0.000000, 0.000000
0.000000, 0.000000, 0.000000
0.000000, 0.000000, 0.000000
0.000000, 0.000000, 0.000000
0.000000, 0.000000, 0.000000
0.000000, 0.000000, 0.000000
0.000000, 0.000000, 0.000000
0.000000, 0.000000, 0.000000
0.000000, 0.000000, 0.000000
0.000000, 0.000000, 0.000000
0.000000, 0.000000, 0.000000
0.000000, 0.000000, 0.000000
0.000000, 0.000000, 0.000000
0.000000, 0.000000, 0.000000
0.000000, 0.000000, 0.000000
0.000000, 0.000000, 0.000000
0.000000, 0.000000, 0.000000
0.000000, 0.000000, 0.000000
0.000000, 0.000000, 0.000000
0.000000, 0.000000, 0.000000
0.000000, 0.000000, 0.000000
0.000000, 0.000000, 0.000000
0.000000, 0.000000, 0.000000
0.000000, 0.000000, 0.000000
0.000000, 0.000000, 0.000000
0.000000, 0.000000, 0.000000
0.000000, 0.000000, 0.000000
0.000000, 0.000000, 0.000000
0.000000, 0.000000, 0.000000
0.000000, 0.000000, 0.000000
0.000000, 0.000000, 0.000000
0.000000, 0.000000, 0.000000
0.000000, 0.000000, 0.000000
0.000000, 0.000000, 0.000000
0.000000, 0.000000, 0.000000
0.000000, 0.000000, 0.000000
0.000000, 0.000000, 0.000000
0.000000, 0.000000, 0.000000
0.000000, 0.000000, 0.000000
0.000000, 0.000000, 0.000000
0.000000, 0.000000, 0.000000
0.000000, 0.000000, 0.000000
0.000000, 0.000000, 0.000000
0.000000, 0.000000, 0.000000
0.000000, 0.000000, 0.000000
0.000000, 0.000000, 0.000000
0.000000, 0.000000, 0.000000
0.000000, 0.000000, 0.000000
0.000000, 0.000000, 0.000000
0.000000, 0.000000, 0.000000
0.000000, 0.000000, 0.000000
0.000000, 0.000000, 0.000000
0.000000, 0.000000, 0.000000
0.000000, 0.000000, 0.000000
0.000000, 0.000000, 0.000000
0.000000, 0.000000, 0.000000
0.000000, 0.000000, 0.000000
0.000000, 0.000000, 0.000000
0.000000, 0.000000, 0.000000
0.000000, 0.000000, 0.000000
0.000000, 0.000000, 0.000000
0.000000, 0.000000, 0.000000
0.000000, 0.000000, 0.000000
0.000000, 0.000000, 0.000000
0.000000, 0.000000, 0.000000
0.000000, 0.000000, 0.000000
0.000000, 0.000000, 0.000000
0.000000, 0.000000, 0.000000
0.000000, 0.000000, 0.000000
0.000000, 0.000000, 0.000000
0.000000, 0.000000, 0.000000
0.000000, 0.000000, 0.000000
0.000000, 0.000000, 0.000000
0.000000, 0.000000, 0.000000
0.000000, 0.000000, 0.000000
0.000000, 0.000000, 0.000000
0.000000, 0.000000, 0.000000
0.000000, 0.000000, 0.000000
0.000000, 0.000000, 0.000000
0.000000, 0.000000, 0.000000
0.000000, 0.000000, 0.000000
0.000000, 0.000000, 0.000000
0.000000, 0.000000, 0.000000
0.000000, 0.000000, 0.000000
0.000000, 0.000000, 0.000000
0.000000, 0.000000, 0.000000
0.000000, 0.000000, 0.000000
0.000000, 0.000000, 0.000000
0.000000, 0.000000, 0.000000
0.000000, 0.000000, 0.000000
0.000000, 0.000000, 0.000000
0.000000, 0.000000, 0.000000
0.000000, 0.000000, 0.000000
0.000000, 0.000000, 0.000000
0.000000, 0.000000, 0.000000
0.000000, 0.000000, 0.000000
0.000000, 0.000000, 0.000000
0.000000, 0.000000, 0.000000
0.000000, 0.000000, 0.000000
0.000000, 0.000000, 0.000000
0.000000, 0.000000, 0.000000
0.000000, 0.000000, 0.000000
0.000000, 0.000000, 0.000000
0.000000, 0.000000, 0.000000
0.000000, 0.000000, 0.000000
0.000000, 0.000000, 0.000000
0.000000, 0.000000, 0.000000
0.000000, 0.000000, 0.000000
0.000000, 0.000000, 0.000000
0.000000, 0.000000, 0.000000
0.000000, 0.000000, 0.000000
0.000000, 0.000000, 0.000000
0.000000, 0.000000, 0.000000
0.000000, 0.000000, 0.000000
0.000000, 0.000000, 0.000000
0.000000, 0.000000, 0.000000
0.000000, 0.000000, 0.000000
0.000000, 0.000000, 0.000000
