0 0.00 0.00 0.00
1 0.00 0.00 0.00
2 0.00 0.00 0.00
3 0.00 0.00 0.00
4 0.00 0.00 0.00
5 0.00 -0.00 -0.00
6 0.00 -0.00 -0.00
7 0.00 -0.00 -0.00
8 0.00 -0.00 -0.00
9 0.00 -0.00 -0.00
10 0.00 -0.00 -0.00
11 0.00 -0.00 -0.00
12 0.00 -0.00 -0.00
13 0.00 -0.00 -0.00
14 0.00 -0.00 -0.00
15 0.00 -0.00 -0.00
16 0.00 -0.00 -0.00
17 0.00 -0.00 -0.00
18 0.01 -0.00 -0.00
19 0.01 -0.00 -0.00
20 0.01 -0.00 -0.00
21 0.01 -0.00 -0.00
22 0.01 -0.00 -0.00
23 0.01 -0.00 -0.00
24 0.01 -0.00 -0.00
25 0.01 -0.00 -0.00
26 0.01 -0.00 -0.00
27 0.01 -0.00 -0.00
28 0.02 -0.00 -0.00
29 0.02 -0.00 -0.00
30 0.02 -0.00 -0.00
31 0.02 -0.00 -0.00
32 0.02 -0.00 -0.00
33 0.02 -0.00 -0.00
34 0.02 -0.00 -0.00
35 0.03 -0.00 -0.00
36 0.03 -0.00 -0.00
37 0.03 -0.00 -0.00
38 0.03 -0.00 -0.00
39 0.03 -0.00 -0.00
40 0.03 -0.00 -0.00
41 0.04 -0.00 -0.00
42 0.04 -0.00 -0.00
43 0.04 -0.00 -0.00
44 0.04 -0.00 -0.00
45 0.04 -0.00 -0.00
46 0.05 -0.00 -0.00
47 0.05 -0.00 -0.00
48 0.05 -0.00 -0.00
49 0.05 -0.00 -0.00
50 0.05 -0.00 -0.00
51 0.06 -0.00 -0.00
52 0.06 -0.00 -0.00
53 0.06 -0.00 -0.00
54 0.06 -0.00 -0.00
55 0.06 -0.00 -0.00
56 0.07 -0.00 -0.00
57 0.07 -0.00 -0.00
58 0.07 -0.00 -0.00
59 0.07 -0.00 -0.00
60 0.07 -0.00 -0.00
61 0.08 -0.00 -0.00
62 0.08 -0.00 -0.00
63 0.08 -0.00 -0.00
64 0.08 -0.00 -0.00
65 0.08 -0.00 -0.00
66 0.09 -0.00 -0.00
67 0.09 -0.00 -0.00
68 0.09 -0.00 -0.00
69 0.09 -0.00 -0.00
70 0.09 -0.00 -0.00
71 0.10 -0.00 -0.00
72 0.10 -0.00 -0.00
73 0.10 -0.00 -0.00
74 0.10 -0.00 -0.00
75 0.10 -0.00 -0.00
76 0.11 -0.00 -0.00
77 0.11 -0.00 -0.00
78 0.11 -0.00 -0.00
79 0.11 -0.00 -0.00
80 0.11 -0.00 -0.00
81 0.12 -0.00 -0.00
82 0.12 -0.00 -0.00
83 0.12 -0.00 -0.00
84 0.12 -0.00 -0.00
85 0.12 -0.00 -0.00
86 0.13 -0.00 -0.00
87 0.13 -0.00 -0.00
88 0.13 -0.00 -0.00
89 0.13 -0.00 -0.00
90 0.13 -0.00 -0.00
91 0.14 -0.00 -0.00
92 0.14 -0.00 -0.00
93 0.14 -0.00 -0.00
94 0.14 -0.00 -0.00
95 0.14 -0.00 -0.00
96 0.15 -0.00 -0.00
97 0.15 -0.00 -0.00
98 0.15 -0.00 -0.00
99 0.15 -0.00 -0.00
100 0.15 -0.00 -0.00
101 0.16 -0.00 -0.00
102 0.16 -0.00 -0.00
103 0.16 -0.00 -0.00
104 0.16 -0.00 -0.00
105 0.16 -0.00 -0.00
106 0.17 -0.00 -0.00
107 0.17 -0.00 -0.00
108 0.17 -0.00 -0.00
109 0.17 -0.00 -0.00
110 0.17 -0.00 -0.00
111 0.18 -0.00 -0.00
112 0.18 -0.00 -0.00
113 0.18 -0.00 -0.00
114 0.18 -0.00 -0.00
115 0.18 -0.00 -0.00
116 0.19 -0.00 -0.00
117 0.19 -0.00 -0.00
118 0.19 -0.00 -0.00
119 0.19 -0.00 -0.00
120 0.19 -0.00 -0.00
121 0.20 -0.00 -0.00
122 0.20 -0.00 -0.00
123 0.20 -0.00 -0.00
124 0.20 -0.00 -0.00
125 0.20 -0.00 -0.00
126 0.21 -0.00 -0.00
127 0.21 -0.00 -0.00
128 0.21 -0.00 -0.00
129 0.21 -0.00 -0.00
130 0.21 -0.00 -0.00
131 0.22 -0.00 -0.00
132 0.22 -0.00 -0.00
133 0.22 -0.00 -0.00
134 0.22 -0.00 -0.00
135 0.22 -0.00 -0.00
136 0.23 -0.00 -0.00
137 0.23 -0.00 -0.00
138 0.23 -0.00 -0.00
139 0.23 -0.00 -0.00
140 0.23 -0.00 -0.00
141 0.24 -0.00 -0.00
142 0.24 -0.00 -0.00
143 0.24 -0.00 -0.00
144 0.24 -0.00 -0.00
145 0.24 -0.00 -0.00
146 0.25 -0.00 -0.00
147 0.25 -0.00 -0.00
148 0.25 -0.00 -0.00
149 0.25 -0.00 -0.00
150 0.25 -0.00 -0.00
151 0.26 -0.00 -0.00
152 0.26 -0.00 -0.00
153 0.26 -0.00 -0.00
154 0.26 -0.00 -0.00
155 0.26 -0.00 -0.00
156 0.27 -0.00 -0.00
157 0.27 -0.00 -0.00
158 0.27 -0.00 -0.00
159 0.27 -0.00 -0.00
160 0.27 -0.00 -0.00
161 0.28 -0.00 -0.00
162 0.28 -0.00 -0.00
163 0.28 -0.00 -0.00
164 0.28 -0.00 -0.00
165 0.28 -0.00 -0.00
166 0.29 -0.00 -0.00
167 0.29 -0.00 -0.00
168 0.29 -0.00 -0.00
169 0.29 -0.00 -0.00
170 0.29 -0.00 -0.00
171 0.30 -0.00 -0.00
172 0.30 -0.00 -0.00
173 0.30 -0.00 -0.00
174 0.30 -0.00 -0.00
175 0.30 -0.00 -0.00
176 0.31 -0.00 -0.00
177 0.31 -0.00 -0.00
178 0.31 -0.00 -0.00
179 0.31 -0.00 -0.00
180 0.31 -0.00 -0.00
181 0.32 -0.00 -0.00
182 0.32 -0.00 -0.00
183 0.32 -0.00 -0.00
184 0.32 -0.00 -0.00
185 0.32 -0.00 -0.00
186 0.33 -0.00 -0.00
187 0.33 -0.00 -0.00
188 0.33 -0.00 -0.00
189 0.33 -0.00 -0.00
190 0.33 -0.00 -0.00
191 0.34 -0.00 -0.00
192 0.34 -0.00 -0.00
193 0.34 -0.00 -0.00
194 0.34 -0.00 -0.00
195 0.34 -0.00 -0.00
196 0.35 -0.00 -0.00
197 0.35 -0.00 -0.00
198 0.35 -0.00 -0.00
199 0.35 -0.00 -0.00
200 0.35 -0.00 -0.00
201 0.36 -0.00 -0.00
202 0.36 -0.00 -0.00
203 0.36 -0.00 -0.00
204 0.36 -0.00 -0.00
205 0.36 -0.00 -0.00
206 0.37 -0.00 -0.00
207 0.37 -0.00 -0.00
208 0.37 -0.00 -0.00
209 0.37 -0.00 -0.00
210 0.37 -0.00 -0.00
211 0.38 -0.00 -0.00
212 0.38 -0.00 -0.00
213 0.38 -0.00 -0.00
214 0.38 -0.00 -0.00
215 0.38 -0.00 -0.00
216 0.39 -0.00 -0.00
217 0.39 -0.00 -0.00
218 0.39 -0.00 -0.00
219 0.39 -0.00 -0.00
220 0.39 -0.00 -0.00
221 0.40 -0.00 -0.00
222 0.40 -0.00 -0.00
223 0.40 -0.00 -0.00
224 0.40 -0.00 -0.00
225 0.40 -0.00 -0.00
226 0.41 -0.00 -0.00
227 0.41 -0.00 -0.00
228 0.41 -0.00 -0.00
229 0.41 -0.00 -0.00
230 0.41 -0.00 -0.00
231 0.42 -0.00 -0.00
232 0.42 -0.00 -0.00
233 0.42 -0.00 -0.00
234 0.42 -0.00 -0.00
235 0.42 -0.00 -0.00
236 0.43 -0.00 -0.00
237 0.43 -0.00 -0.00
238 0.43 -0.00 -0.00
239 0.43 -0.00 -0.00
240 0.43 -0.00 -0.00
241 0.44 -0.00 -0.00
242 0.44 -0.00 -0.00
243 0.44 -0.00 -0.00
244 0.44 -0.00 -0.00
245 0.44 -0.00 -0.00
246 0.45 -0.00 -0.00
247 0.45 -0.00 -0.00
248 0.45 -0.00 -0.00
249 0.45 -0.00 -0.00
250 0.45 -0.00 -0.00
251 0.46 -0.00 -0.00
252 0.46 -0.00 -0.00
253 0.46 -0.00 -0.00
254 0.46 -0.00 -0.00
255 0.46 -0.00 -0.00
256 0.47 -0.00 -0.00
257 0.47 -0.00 -0.00
258 0.47 -0.00 -0.00
259 0.47 -0.00 -0.00
260 0.47 -0.00 -0.00
261 0.48 -0.00 -0.00
262 0.48 -0.00 -0.00
263 0.48 -0.00 -0.00
264 0.48 -0.00 -0.00
265 0.48 -0.00 -0.00
266 0.49 -0.00 -0.00
267 0.49 -0.00 -0.00
268 0.49 -0.00 -0.00
269 0.49 -0.00 -0.00
270 0.49 -0.00 -0.00
271 0.50 -0.00 -0.00
272 0.50 -0.00 -0.00
273 0.50 -0.00 -0.00
274 0.50 -0.00 -0.00
275 0.50 -0.00 -0.00
276 0.51 -0.00 -0.00
277 0.51 -0.00 -0.00
278 0.51 -0.00 -0.00
279 0.51 -0.00 -0.00
280 0.51 -0.00 -0.00
281 0.52 -0.00 -0.00
282 0.52 -0.00 -0.00
283 0.52 -0.00 -0.00
284 0.52 -0.00 -0.00
285 0.52 -0.00 -0.00
286 0.53 -0.00 -0.00
287 0.53 -0.00 -0.00
288 0.53 -0.00 -0.00
289 0.53 -0.00 -0.00
290 0.53 -0.00 -0.00
291 0.54 -0.00 -0.00
292 0.54 -0.00 -0.00
293 0.54 -0.00 -0.00
294 0.54 -0.00 -0.00
295 0.54 -0.00 -0.00
296 0.55 -0.00 -0.00
297 0.55 -0.00 -0.00
298 0.55 -0.00 -0.00
299 0.55 -0.00 -0.00
300 0.55 -0.00 -0.00
301 0.56 -0.00 -0.00
302 0.56 -0.00 -0.00
303 0.56 -0.00 -0.00
304 0.56 -0.00 -0.00
305 0.56 -0.00 -0.00
306 0.57 -0.00 -0.00
307 0.57 -0.00 -0.00
308 0.57 -0.00 -0.00
309 0.57 -0.00 -0.00
310 0.57 -0.00 -0.00
311 0.58 -0.00 -0.00
312 0.58 -0.00 -0.00
313 0.58 -0.00 -0.00
314 0.58 -0.00 -0.00
315 0.58 -0.00 -0.00
316 0.59 -0.00 -0.00
317 0.59 -0.00 -0.00
318 0.59 -0.00 -0.00
319 0.59 -0.00 -0.00
320 0.59 -0.00 -0.00
321 0.60 -0.00 -0.00
322 0.60 -0.00 -0.00
323 0.60 -0.00 -0.00
324 0.60 -0.00 -0.00
325 0.60 -0.00 -0.00
326 0.61 -0.00 -0.00
327 0.61 -0.00 -0.00
328 0.61 -0.00 -0.00
329 0.61 -0.00 -0.00
330 0.61 -0.00 -0.00
331 0.62 -0.00 -0.00
332 0.62 -0.00 -0.00
333 0.62 -0.00 -0.00
334 0.62 -0.00 -0.00
335 0.62 -0.00 -0.00
336 0.63 -0.00 -0.00
337 0.63 -0.00 -0.00
338 0.63 -0.00 -0.00
339 0.63 -0.00 -0.00
340 0.63 -0.00 -0.00
341 0.64 -0.00 -0.00
342 0.64 -0.00 -0.00
343 0.64 -0.00 -0.00
344 0.64 -0.00 -0.00
345 0.64 -0.00 -0.00
346 0.65 -0.00 -0.00
347 0.65 -0.00 -0.00
348 0.65 -0.00 -0.00
349 0.65 -0.00 -0.00
350 0.65 -0.00 -0.00
351 0.66 -0.00 -0.00
352 0.66 -0.00 -0.00
353 0.66 -0.00 -0.00
354 0.66 -0.00 -0.00
355 0.66 -0.00 -0.00
356 0.67 -0.00 -0.00
357 0.67 -0.00 -0.00
358 0.67 -0.00 -0.00
359 0.67 -0.00 -0.00
360 0.67 -0.00 -0.00
361 0.68 -0.00 -0.00
362 0.68 -0.00 -0.00
363 0.68 -0.00 -0.00
364 0.68 -0.00 -0.00
365 0.68 -0.00 -0.00
366 0.69 -0.00 -0.00
367 0.69 -0.00 -0.00
368 0.69 -0.00 -0.00
369 0.69 -0.00 -0.00
370 0.69 -0.00 -0.00
371 0.70 -0.00 -0.00
372 0.70 -0.00 -0.00
373 0.70 -0.00 -0.00
374 0.70 -0.00 -0.00
375 0.70 -0.00 -0.00
376 0.71 -0.00 -0.00
377 0.71 -0.00 -0.00
378 0.71 -0.00 -0.00
379 0.71 -0.00 -0.00
380 0.71 -0.00 -0.00
381 0.72 -0.00 -0.00
382 0.72 -0.00 -0.00
383 0.72 -0.00 -0.00
384 0.72 -0.00 -0.00
385 0.72 -0.00 -0.00
386 0.73 -0.00 -0.00
387 0.73 -0.00 -0.00
388 0.73 -0.00 -0.00
389 0.73 -0.00 -0.00
390 0.73 -0.00 -0.00
391 0.74 -0.00 -0.00
392 0.74 -0.00 -0.00
393 0.74 -0.00 -0.00
394 0.74 -0.00 -0.00
395 0.74 -0.00 -0.00
396 0.75 -0.00 -0.00
397 0.75 -0.00 -0.00
398 0.75 -0.00 -0.00
399 0.75 -0.00 -0.00
400 0.75 -0.00 -0.00
401 0.76 -0.00 -0.00
402 0.76 -0.00 -0.00
403 0.76 -0.00 -0.00
404 0.76 -0.00 -0.00
405 0.76 -0.00 -0.00
406 0.77 -0.00 -0.00
407 0.77 -0.00 -0.00
408 0.77 -0.00 -0.00
409 0.77 -0.00 -0.00
410 0.77 -0.00 -0.00
411 0.78 -0.00 -0.00
412 0.78 -0.00 -0.00
413 0.78 -0.00 -0.00
414 0.78 -0.00 -0.00
415 0.78 -0.00 -0.00
416 0.79 -0.00 -0.00
417 0.79 -0.00 -0.00
418 0.79 -0.00 -0.00
419 0.79 -0.00 -0.00
420 0.79 -0.00 -0.00
421 0.80 -0.00 -0.00
422 0.80 -0.00 -0.00
423 0.80 -0.00 -0.00
424 0.80 -0.00 -0.00
425 0.80 -0.00 -0.00
426 0.81 -0.00 -0.00
427 0.81 -0.00 -0.00
428 0.81 -0.00 -0.00
429 0.81 -0.00 -0.00
430 0.81 -0.00 -0.00
431 0.82 -0.00 -0.00
432 0.82 -0.00 -0.00
433 0.82 -0.00 -0.00
434 0.82 -0.00 -0.00
435 0.82 -0.00 -0.00
436 0.83 -0.00 -0.00
437 0.83 -0.00 -0.00
438 0.83 -0.00 -0.00
439 0.83 -0.00 -0.00
440 0.83 -0.00 -0.00
441 0.84 -0.00 -0.00
442 0.84 -0.00 -0.00
443 0.84 -0.00 -0.00
444 0.84 -0.00 -0.00
445 0.84 -0.00 -0.00
446 0.85 -0.00 -0.00
447 0.85 -0.00 -0.00
448 0.85 -0.00 -0.00
449 0.85 -0.00 -0.00
450 0.85 -0.00 -0.00
451 0.86 -0.00 -0.00
452 0.86 -0.00 -0.00
453 0.86 -0.00 -0.00
454 0.86 -0.00 -0.00
455 0.86 -0.00 -0.00
456 0.87 -0.00 -0.00
457 0.87 -0.00 -0.00
458 0.87 -0.00 -0.00
459 0.87 -0.00 -0.00
460 0.87 -0.00 -0.00
461 0.88 -0.00 -0.00
462 0.88 -0.00 -0.00
463 0.88 -0.00 -0.00
464 0.88 -0.00 -0.00
465 0.88 -0.00 -0.00
466 0.89 -0.00 -0.00
467 0.89 -0.00 -0.00
468 0.89 -0.00 -0.00
469 0.89 -0.00 -0.00
470 0.89 -0.00 -0.00
471 0.90 -0.00 -0.00
472 0.90 -0.00 -0.00
473 0.90 -0.00 -0.00
474 0.90 -0.00 -0.00
475 0.90 -0.00 -0.00
476 0.91 -0.00 -0.00
477 0.91 -0.00 -0.00
478 0.91 -0.00 -0.00
479 0.91 -0.00 -0.00
480 0.91 -0.00 -0.00
481 0.92 -0.00 -0.00
482 0.92 -0.00 -0.00
483 0.92 -0.00 -0.00
484 0.92 -0.00 -0.00
485 0.92 -0.00 -0.00
486 0.93 -0.00 -0.00
487 0.93 -0.00 -0.00
488 0.93 -0.00 -0.00
489 0.93 -0.00 -0.00
490 0.93 -0.00 -0.00
491 0.94 -0.00 -0.00
492 0.94 -0.00 -0.00
493 0.94 -0.00 -0.00
494 0.94 -0.00 -0.00
495 0.94 -0.00 -0.00
496 0.95 -0.00 -0.00
497 0.95 -0.00 -0.00
498 0.95 -0.00 -0.00
499 0.95 -0.00 -0.00
500 0.95 -0.00 -0.00
501 0.96 -0.00 -0.00
502 0.96 -0.00 -0.00
503 0.96 -0.00 -0.00
504 0.96 -0.00 -0.00
505 0.96 -0.00 -0.00
506 0.97 -0.00 -0.00
507 0.97 -0.00 -0.00
508 0.97 -0.00 -0.00
509 0.97 -0.00 -0.00
510 0.97 -0.00 -0.00
511 0.97 -0.00 -0.00
512 0.98 -0.00 -0.00
513 0.98 -0.00 -0.00
514 0.98 -0.00 -0.00
515 0.98 -0.00 -0.00
516 0.98 -0.00 -0.00
517 0.98 -0.00 -0.00
518 0.99 -0.00 -0.00
519 0.99 -0.00 -0.00
520 0.99 -0.00 -0.00
521 0.99 -0.00 -0.00
522 0.99 -0.00 -0.00
523 0.99 -0.00 -0.00
524 0.99 -0.00 -0.00
525 0.99 -0.00 -0.00
526 0.99 -0.00 -0.00
527 1.00 -0.00 -0.00
528 1.00 -0.00 -0.00
529 1.00 -0.00 -0.00
530 1.00 -0.00 -0.00
531 1.00 -0.00 -0.00
532 1.00 -0.00 -0.00
533 1.00 -0.00 -0.00
534 1.00 -0.00 -0.00
535 1.00 -0.00 -0.00
536 1.00 -0.00 -0.00
537 1.00 -0.00 -0.00
538 1.00 -0.00 -0.00
539 1.00 -0.00 -0.02
540 1.00 -0.00 -0.03
541 1.00 -0.00 -0.05
542 1.00 -0.00 -0.06
543 1.00 -0.00 -0.08
544 1.00 -0.00 -0.09
545 1.00 -0.00 -0.11
546 1.00 -0.00 -0.13
547 1.00 -0.00 -0.14
548 1.00 -0.00 -0.16
549 1.00 -0.00 -0.17
550 1.00 -0.00 -0.19
551 1.00 -0.00 -0.20
552 1.00 -0.00 -0.22
553 1.00 -0.00 -0.23
554 1.00 -0.00 -0.25
555 1.00 -0.00 -0.27
556 1.00 -0.00 -0.28
557 1.00 -0.00 -0.30
558 1.00 -0.00 -0.31
559 1.00 -0.00 -0.33
560 1.00 -0.00 -0.34
561 1.00 -0.00 -0.36
562 1.00 -0.00 -0.37
563 1.00 -0.00 -0.39
564 1.00 -0.00 -0.41
565 1.00 -0.00 -0.42
566 1.00 -0.00 -0.44
567 1.00 -0.00 -0.45
568 1.00 -0.00 -0.47
569 1.00 -0.00 -0.48
570 1.00 -0.00 -0.50
571 1.00 -0.00 -0.52
572 1.00 -0.00 -0.53
573 1.00 -0.00 -0.55
574 1.00 -0.00 -0.56
575 1.00 -0.00 -0.58
576 1.00 -0.00 -0.59
577 1.00 -0.00 -0.61
578 1.00 -0.00 -0.63
579 1.00 -0.00 -0.64
580 1.00 -0.00 -0.66
581 1.00 -0.00 -0.67
582 1.00 -0.00 -0.69
583 1.00 -0.00 -0.70
584 1.00 -0.00 -0.72
585 1.00 -0.00 -0.73
586 1.00 -0.00 -0.75
587 1.00 -0.00 -0.77
588 1.00 -0.00 -0.78
589 1.00 -0.00 -0.80
590 1.00 -0.00 -0.81
591 1.00 -0.00 -0.83
592 1.00 -0.00 -0.84
593 1.00 -0.00 -0.86
594 1.00 -0.00 -0.88
595 1.00 -0.00 -0.89
596 1.00 -0.00 -0.91
597 1.00 -0.00 -0.92
598 1.00 -0.00 -0.94
599 1.00 -0.00 -0.95
600 1.00 -0.00 -0.97
601 1.00 -0.00 -0.98
602 1.00 -0.00 -1.00
603 1.00 -0.00 -1.02
604 1.00 -0.00 -1.03
605 1.00 -0.00 -1.05
606 1.00 -0.00 -1.06
607 1.00 -0.00 -1.08
608 1.00 -0.00 -1.09
609 1.00 -0.00 -1.11
610 1.00 -0.00 -1.12
611 1.00 -0.00 -1.14
612 1.00 -0.00 -1.16
613 1.00 -0.00 -1.17
614 1.00 -0.00 -1.19
615 1.00 -0.00 -1.20
616 1.00 -0.00 -1.22
617 1.00 -0.00 -1.23
618 1.00 -0.00 -1.25
619 1.00 -0.00 -1.27
620 1.00 -0.00 -1.28
621 1.00 -0.00 -1.30
622 1.00 -0.00 -1.31
623 1.00 -0.00 -1.33
624 1.00 -0.00 -1.34
625 1.00 -0.00 -1.36
626 1.00 -0.00 -1.38
627 1.00 -0.00 -1.39
628 1.00 -0.00 -1.41
629 1.00 -0.00 -1.42
630 1.00 -0.00 -1.44
631 1.00 -0.00 -1.45
632 1.00 -0.00 -1.47
633 1.00 -0.00 -1.48
634 1.00 -0.00 -1.50
635 1.00 -0.00 -1.52
636 1.00 -0.00 -1.53
637 1.00 -0.00 -1.55
638 1.00 -0.00 -1.56
639 1.00 -0.00 -1.58
640 1.00 -0.00 -1.59
641 1.00 -0.00 -1.61
642 1.00 -0.00 -1.61
643 1.00 -0.00 -1.63
644 1.00 -0.00 -1.63
645 1.00 -0.00 -1.63
646 1.00 -0.01 -1.63
647 1.00 -0.01 -1.63
648 1.00 -0.01 -1.63
649 1.00 -0.01 -1.63
650 1.00 -0.01 -1.63
651 1.00 -0.01 -1.63
652 1.00 -0.02 -1.63
653 1.00 -0.02 -1.63
654 1.00 -0.02 -1.63
655 1.00 -0.02 -1.63
656 1.00 -0.02 -1.63
657 1.00 -0.03 -1.63
658 1.00 -0.03 -1.63
659 1.00 -0.03 -1.63
660 1.00 -0.03 -1.63
661 1.00 -0.03 -1.63
662 1.00 -0.04 -1.63
663 1.00 -0.04 -1.63
664 1.00 -0.04 -1.63
665 1.00 -0.04 -1.63
666 1.00 -0.04 -1.63
667 1.00 -0.05 -1.63
668 1.00 -0.05 -1.63
669 1.00 -0.05 -1.63
670 1.00 -0.05 -1.63
671 1.00 -0.05 -1.63
672 1.00 -0.06 -1.63
673 1.00 -0.06 -1.63
674 1.00 -0.06 -1.63
675 1.00 -0.06 -1.63
676 1.00 -0.06 -1.63
677 1.00 -0.07 -1.63
678 1.00 -0.07 -1.63
679 1.00 -0.07 -1.63
680 1.00 -0.07 -1.63
681 1.00 -0.07 -1.63
682 1.00 -0.08 -1.63
683 1.00 -0.08 -1.63
684 1.00 -0.08 -1.63
685 1.00 -0.08 -1.63
686 1.00 -0.08 -1.63
687 1.00 -0.09 -1.63
688 1.00 -0.09 -1.63
689 1.00 -0.09 -1.63
690 1.00 -0.09 -1.63
691 1.00 -0.09 -1.63
692 1.00 -0.10 -1.63
693 1.00 -0.10 -1.63
694 1.00 -0.10 -1.63
695 1.00 -0.10 -1.63
696 1.00 -0.10 -1.63
697 1.00 -0.11 -1.63
698 1.00 -0.11 -1.63
699 1.00 -0.11 -1.63
700 1.00 -0.11 -1.63
701 1.00 -0.11 -1.63
702 1.00 -0.12 -1.63
703 0.99 -0.12 -1.63
704 0.99 -0.12 -1.63
705 0.99 -0.12 -1.63
706 0.99 -0.12 -1.63
707 0.99 -0.13 -1.63
708 0.99 -0.13 -1.63
709 0.99 -0.13 -1.63
710 0.99 -0.13 -1.63
711 0.99 -0.13 -1.63
712 0.99 -0.14 -1.63
713 0.99 -0.14 -1.63
714 0.99 -0.14 -1.63
715 0.99 -0.14 -1.63
716 0.99 -0.14 -1.63
717 0.99 -0.15 -1.63
718 0.99 -0.15 -1.63
719 0.99 -0.15 -1.63
720 0.99 -0.15 -1.63
721 0.99 -0.15 -1.63
722 0.99 -0.16 -1.63
723 0.99 -0.16 -1.63
724 0.99 -0.16 -1.63
725 0.99 -0.16 -1.63
726 0.99 -0.16 -1.63
727 0.99 -0.17 -1.63
728 0.99 -0.17 -1.63
729 0.99 -0.17 -1.63
730 0.99 -0.17 -1.63
731 0.99 -0.17 -1.63
732 0.99 -0.18 -1.63
733 0.99 -0.18 -1.63
734 0.99 -0.18 -1.63
735 0.99 -0.18 -1.63
736 0.99 -0.18 -1.63
737 0.99 -0.19 -1.63
738 0.99 -0.19 -1.63
739 0.99 -0.19 -1.63
740 0.99 -0.19 -1.63
741 0.99 -0.19 -1.63
742 0.99 -0.20 -1.63
743 0.99 -0.20 -1.63
744 0.99 -0.20 -1.63
745 0.99 -0.20 -1.63
746 0.99 -0.20 -1.63
747 0.99 -0.21 -1.63
748 0.99 -0.21 -1.63
749 0.99 -0.21 -1.63
750 0.99 -0.21 -1.63
751 0.99 -0.21 -1.63
752 0.99 -0.22 -1.63
753 0.99 -0.22 -1.63
754 0.99 -0.22 -1.63
755 0.99 -0.22 -1.63
756 0.99 -0.22 -1.63
757 0.99 -0.23 -1.63
758 0.99 -0.23 -1.63
759 0.99 -0.23 -1.63
760 0.99 -0.23 -1.63
761 0.99 -0.23 -1.63
762 0.99 -0.24 -1.63
763 0.99 -0.24 -1.63
764 0.99 -0.24 -1.63
765 0.99 -0.24 -1.63
766 0.99 -0.24 -1.63
767 0.99 -0.25 -1.63
768 0.99 -0.25 -1.63
769 0.99 -0.25 -1.63
770 0.99 -0.25 -1.63
771 0.99 -0.25 -1.63
772 0.99 -0.26 -1.63
773 0.99 -0.26 -1.63
774 0.99 -0.26 -1.63
775 0.99 -0.26 -1.63
776 0.99 -0.26 -1.63
777 0.99 -0.27 -1.63
778 0.99 -0.27 -1.63
779 0.99 -0.27 -1.63
780 0.99 -0.27 -1.63
781 0.99 -0.27 -1.63
782 0.99 -0.28 -1.63
783 0.99 -0.28 -1.63
784 0.99 -0.28 -1.63
785 0.99 -0.28 -1.63
786 0.99 -0.28 -1.63
787 0.99 -0.29 -1.63
788 0.99 -0.29 -1.63
789 0.99 -0.29 -1.63
790 0.99 -0.29 -1.63
791 0.99 -0.29 -1.63
792 0.99 -0.30 -1.63
793 0.99 -0.30 -1.63
794 0.98 -0.30 -1.63
795 0.98 -0.30 -1.63
796 0.98 -0.30 -1.63
797 0.98 -0.31 -1.63
798 0.98 -0.31 -1.63
799 0.98 -0.31 -1.63
800 0.98 -0.31 -1.63
801 0.98 -0.31 -1.63
802 0.98 -0.32 -1.63
803 0.98 -0.32 -1.63
804 0.98 -0.32 -1.63
805 0.98 -0.32 -1.63
806 0.98 -0.32 -1.63
807 0.98 -0.33 -1.63
808 0.98 -0.33 -1.63
809 0.98 -0.33 -1.63
810 0.98 -0.33 -1.63
811 0.98 -0.33 -1.63
812 0.98 -0.34 -1.63
813 0.98 -0.34 -1.63
814 0.98 -0.34 -1.63
815 0.98 -0.34 -1.63
816 0.98 -0.34 -1.63
817 0.98 -0.35 -1.63
818 0.98 -0.35 -1.63
819 0.98 -0.35 -1.63
820 0.98 -0.35 -1.63
821 0.98 -0.35 -1.63
822 0.98 -0.36 -1.63
823 0.98 -0.36 -1.63
824 0.98 -0.36 -1.63
825 0.98 -0.36 -1.63
826 0.98 -0.36 -1.63
827 0.98 -0.37 -1.63
828 0.98 -0.37 -1.63
829 0.98 -0.37 -1.63
830 0.98 -0.37 -1.63
831 0.98 -0.37 -1.63
832 0.98 -0.38 -1.63
833 0.98 -0.38 -1.63
834 0.98 -0.38 -1.63
835 0.98 -0.38 -1.63
836 0.98 -0.38 -1.63
837 0.98 -0.39 -1.63
838 0.98 -0.39 -1.63
839 0.98 -0.39 -1.63
840 0.98 -0.39 -1.63
841 0.98 -0.39 -1.63
842 0.98 -0.40 -1.63
843 0.98 -0.40 -1.63
844 0.98 -0.40 -1.63
845 0.98 -0.40 -1.63
846 0.98 -0.40 -1.63
847 0.98 -0.41 -1.63
848 0.98 -0.41 -1.63
849 0.98 -0.41 -1.63
850 0.98 -0.41 -1.63
851 0.98 -0.41 -1.63
852 0.98 -0.42 -1.63
853 0.98 -0.42 -1.63
854 0.98 -0.42 -1.63
855 0.98 -0.42 -1.63
856 0.98 -0.42 -1.63
857 0.98 -0.43 -1.63
858 0.98 -0.43 -1.63
859 0.98 -0.43 -1.63
860 0.98 -0.43 -1.63
861 0.98 -0.43 -1.63
862 0.98 -0.44 -1.63
863 0.98 -0.44 -1.63
864 0.98 -0.44 -1.63
865 0.98 -0.44 -1.63
866 0.98 -0.44 -1.63
867 0.98 -0.45 -1.63
868 0.98 -0.45 -1.63
869 0.98 -0.45 -1.63
870 0.98 -0.45 -1.63
871 0.98 -0.45 -1.63
872 0.98 -0.46 -1.63
873 0.98 -0.46 -1.63
874 0.98 -0.46 -1.63
875 0.98 -0.46 -1.63
876 0.98 -0.47 -1.63
877 0.98 -0.47 -1.63
878 0.98 -0.47 -1.63
879 0.98 -0.47 -1.63
880 0.98 -0.47 -1.63
881 0.98 -0.48 -1.63
882 0.98 -0.48 -1.63
883 0.98 -0.48 -1.63
884 0.98 -0.48 -1.63
885 0.97 -0.48 -1.63
886 0.97 -0.49 -1.63
887 0.97 -0.49 -1.63
888 0.97 -0.49 -1.63
889 0.97 -0.49 -1.63
890 0.97 -0.49 -1.63
891 0.97 -0.50 -1.63
892 0.97 -0.50 -1.63
893 0.97 -0.50 -1.63
894 0.97 -0.50 -1.63
895 0.97 -0.50 -1.63
896 0.97 -0.51 -1.63
897 0.97 -0.51 -1.63
898 0.97 -0.51 -1.63
899 0.97 -0.51 -1.63
900 0.97 -0.51 -1.63
901 0.97 -0.52 -1.63
902 0.97 -0.52 -1.63
903 0.97 -0.52 -1.63
904 0.97 -0.52 -1.63
905 0.97 -0.52 -1.63
906 0.97 -0.53 -1.63
907 0.97 -0.53 -1.63
908 0.97 -0.53 -1.63
909 0.97 -0.53 -1.63
910 0.97 -0.53 -1.63
911 0.97 -0.54 -1.63
912 0.97 -0.54 -1.63
913 0.97 -0.54 -1.63
914 0.97 -0.54 -1.63
915 0.97 -0.54 -1.63
916 0.97 -0.55 -1.63
917 0.97 -0.55 -1.63
918 0.97 -0.55 -1.63
919 0.97 -0.55 -1.63
920 0.97 -0.55 -1.63
921 0.97 -0.56 -1.63
922 0.97 -0.56 -1.63
923 0.97 -0.56 -1.63
924 0.97 -0.56 -1.63
925 0.97 -0.56 -1.63
926 0.97 -0.57 -1.63
927 0.97 -0.57 -1.63
928 0.97 -0.57 -1.63
929 0.97 -0.57 -1.63
930 0.97 -0.57 -1.63
931 0.97 -0.58 -1.63
932 0.97 -0.58 -1.63
933 0.97 -0.58 -1.63
934 0.97 -0.58 -1.63
935 0.97 -0.58 -1.63
936 0.97 -0.59 -1.63
937 0.97 -0.59 -1.63
938 0.97 -0.59 -1.63
939 0.97 -0.59 -1.63
940 0.97 -0.59 -1.63
941 0.97 -0.60 -1.63
942 0.97 -0.60 -1.63
943 0.97 -0.60 -1.63
944 0.97 -0.60 -1.63
945 0.97 -0.60 -1.63
946 0.97 -0.61 -1.63
947 0.97 -0.61 -1.63
948 0.97 -0.61 -1.63
949 0.97 -0.61 -1.63
950 0.97 -0.61 -1.63
951 0.97 -0.62 -1.63
952 0.97 -0.62 -1.63
953 0.97 -0.62 -1.63
954 0.97 -0.62 -1.63
955 0.97 -0.62 -1.63
956 0.97 -0.63 -1.63
957 0.97 -0.63 -1.63
958 0.97 -0.63 -1.63
959 0.97 -0.63 -1.63
960 0.97 -0.63 -1.63
961 0.97 -0.64 -1.63
962 0.97 -0.64 -1.63
963 0.97 -0.64 -1.63
964 0.97 -0.64 -1.63
965 0.97 -0.64 -1.63
966 0.97 -0.65 -1.63
967 0.97 -0.65 -1.63
968 0.97 -0.65 -1.63
969 0.97 -0.65 -1.63
970 0.97 -0.65 -1.63
971 0.97 -0.66 -1.63
972 0.97 -0.66 -1.63
973 0.97 -0.66 -1.63
974 0.97 -0.66 -1.63
975 0.97 -0.66 -1.63
976 0.96 -0.67 -1.63
977 0.96 -0.67 -1.63
978 0.96 -0.67 -1.63
979 0.96 -0.67 -1.63
980 0.96 -0.67 -1.63
981 0.96 -0.68 -1.63
982 0.96 -0.68 -1.63
983 0.96 -0.68 -1.63
984 0.96 -0.68 -1.63
985 0.96 -0.68 -1.63
986 0.96 -0.69 -1.63
987 0.96 -0.69 -1.63
988 0.96 -0.69 -1.63
989 0.96 -0.69 -1.63
990 0.96 -0.69 -1.63
991 0.96 -0.70 -1.63
992 0.96 -0.70 -1.63
993 0.96 -0.70 -1.63
994 0.96 -0.70 -1.63
995 0.96 -0.70 -1.63
996 0.96 -0.71 -1.63
997 0.96 -0.71 -1.63
998 0.96 -0.71 -1.63
999 0.96 -0.71 -1.63
1000 0.96 -0.71 -1.63
1001 0.96 -0.72 -1.63
1002 0.96 -0.72 -1.63
1003 0.96 -0.72 -1.63
1004 0.96 -0.72 -1.63
1005 0.96 -0.72 -1.63
1006 0.96 -0.73 -1.63
1007 0.96 -0.73 -1.63
1008 0.96 -0.73 -1.63
1009 0.96 -0.73 -1.63
1010 0.96 -0.73 -1.63
1011 0.96 -0.74 -1.63
1012 0.96 -0.74 -1.63
1013 0.96 -0.74 -1.63
1014 0.96 -0.74 -1.63
1015 0.96 -0.74 -1.63
1016 0.96 -0.75 -1.63
1017 0.96 -0.75 -1.63
1018 0.96 -0.75 -1.63
1019 0.96 -0.75 -1.63
1020 0.96 -0.75 -1.63
1021 0.96 -0.76 -1.63
1022 0.96 -0.76 -1.63
1023 0.96 -0.76 -1.63
1024 0.96 -0.76 -1.63
1025 0.96 -0.76 -1.63
1026 0.96 -0.77 -1.63
1027 0.96 -0.77 -1.63
1028 0.96 -0.77 -1.63
1029 0.96 -0.77 -1.63
1030 0.96 -0.77 -1.63
1031 0.96 -0.78 -1.63
1032 0.96 -0.78 -1.63
1033 0.96 -0.78 -1.63
1034 0.96 -0.78 -1.63
1035 0.96 -0.78 -1.63
1036 0.96 -0.79 -1.63
1037 0.96 -0.79 -1.63
1038 0.96 -0.79 -1.63
1039 0.96 -0.79 -1.63
1040 0.96 -0.79 -1.63
1041 0.96 -0.80 -1.63
1042 0.96 -0.80 -1.63
1043 0.96 -0.80 -1.63
1044 0.96 -0.80 -1.63
1045 0.96 -0.80 -1.63
1046 0.96 -0.81 -1.63
1047 0.96 -0.81 -1.63
1048 0.96 -0.81 -1.63
1049 0.96 -0.81 -1.63
1050 0.96 -0.81 -1.63
1051 0.96 -0.82 -1.63
1052 0.96 -0.82 -1.63
1053 0.96 -0.82 -1.63
1054 0.96 -0.82 -1.63
1055 0.96 -0.82 -1.63
1056 0.96 -0.83 -1.63
1057 0.96 -0.83 -1.63
1058 0.96 -0.83 -1.63
1059 0.96 -0.83 -1.63
1060 0.96 -0.83 -1.63
1061 0.96 -0.84 -1.63
1062 0.96 -0.84 -1.63
1063 0.96 -0.84 -1.63
1064 0.96 -0.84 -1.63
1065 0.96 -0.84 -1.63
1066 0.96 -0.85 -1.63
1067 0.96 -0.85 -1.63
1068 0.95 -0.85 -1.63
1069 0.95 -0.85 -1.63
1070 0.95 -0.85 -1.63
1071 0.95 -0.86 -1.63
1072 0.95 -0.86 -1.63
1073 0.95 -0.86 -1.63
1074 0.95 -0.86 -1.63
1075 0.95 -0.86 -1.63
1076 0.95 -0.87 -1.63
1077 0.95 -0.87 -1.63
1078 0.95 -0.87 -1.63
1079 0.95 -0.87 -1.63
1080 0.95 -0.87 -1.63
1081 0.95 -0.88 -1.63
1082 0.95 -0.88 -1.63
1083 0.95 -0.88 -1.63
1084 0.95 -0.88 -1.63
1085 0.95 -0.88 -1.63
1086 0.95 -0.89 -1.63
1087 0.95 -0.89 -1.63
1088 0.95 -0.89 -1.63
1089 0.95 -0.89 -1.63
1090 0.95 -0.89 -1.63
1091 0.95 -0.90 -1.63
1092 0.95 -0.90 -1.63
1093 0.95 -0.90 -1.63
1094 0.95 -0.90 -1.63
1095 0.95 -0.90 -1.63
1096 0.95 -0.91 -1.63
1097 0.95 -0.91 -1.63
1098 0.95 -0.91 -1.63
1099 0.95 -0.91 -1.63
1100 0.95 -0.91 -1.63
1101 0.95 -0.92 -1.63
1102 0.95 -0.92 -1.63
1103 0.95 -0.92 -1.63
1104 0.95 -0.92 -1.63
1105 0.95 -0.92 -1.63
1106 0.95 -0.93 -1.63
1107 0.95 -0.93 -1.63
1108 0.95 -0.93 -1.63
1109 0.95 -0.93 -1.63
1110 0.95 -0.93 -1.63
1111 0.95 -0.94 -1.63
1112 0.95 -0.94 -1.63
1113 0.95 -0.94 -1.63
1114 0.95 -0.94 -1.63
1115 0.95 -0.94 -1.63
1116 0.95 -0.95 -1.63
1117 0.95 -0.95 -1.63
1118 0.95 -0.95 -1.63
1119 0.95 -0.95 -1.63
1120 0.95 -0.95 -1.63
1121 0.95 -0.95 -1.63
1122 0.95 -0.96 -1.63
1123 0.95 -0.96 -1.63
1124 0.95 -0.96 -1.63
1125 0.95 -0.96 -1.63
1126 0.95 -0.97 -1.63
1127 0.95 -0.97 -1.63
1128 0.95 -0.97 -1.63
1129 0.95 -0.97 -1.63
1130 0.95 -0.97 -1.63
1131 0.95 -0.97 -1.63
1132 0.95 -0.98 -1.63
1133 0.95 -0.98 -1.63
1134 0.95 -0.98 -1.63
1135 0.95 -0.98 -1.63
1136 0.95 -0.98 -1.63
1137 0.95 -0.98 -1.63
1138 0.95 -0.98 -1.63
1139 0.95 -0.99 -1.63
1140 0.95 -0.99 -1.63
1141 0.95 -0.99 -1.63
1142 0.95 -0.99 -1.63
1143 0.95 -0.99 -1.63
1144 0.95 -0.99 -1.63
1145 0.95 -0.99 -1.63
1146 0.95 -0.99 -1.63
1147 0.95 -0.99 -1.63
1148 0.95 -1.00 -1.63
1149 0.95 -1.00 -1.63
1150 0.95 -1.00 -1.63
1151 0.95 -1.00 -1.63
1152 0.95 -1.00 -1.63
1153 0.95 -1.00 -1.63
1154 0.95 -1.00 -1.63
1155 0.95 -1.00 -1.63
1156 0.95 -1.00 -1.63
1157 0.95 -1.00 -1.63
1158 0.95 -1.00 -1.64
1159 0.95 -1.00 -1.66
1160 0.95 -1.00 -1.67
1161 0.95 -1.00 -1.69
1162 0.95 -1.00 -1.70
1163 0.95 -1.00 -1.72
1164 0.95 -1.00 -1.73
1165 0.95 -1.00 -1.75
1166 0.95 -1.00 -1.77
1167 0.95 -1.00 -1.78
1168 0.95 -1.00 -1.80
1169 0.95 -1.00 -1.81
1170 0.95 -1.00 -1.83
1171 0.95 -1.00 -1.84
1172 0.95 -1.00 -1.86
1173 0.95 -1.00 -1.88
1174 0.95 -1.00 -1.89
1175 0.95 -1.00 -1.91
1176 0.95 -1.00 -1.92
1177 0.95 -1.00 -1.94
1178 0.95 -1.00 -1.95
1179 0.95 -1.00 -1.97
1180 0.95 -1.00 -1.98
1181 0.95 -1.00 -2.00
1182 0.95 -1.00 -2.02
1183 0.95 -1.00 -2.03
1184 0.95 -1.00 -2.05
1185 0.95 -1.00 -2.06
1186 0.95 -1.00 -2.08
1187 0.95 -1.00 -2.09
1188 0.95 -1.00 -2.11
1189 0.95 -1.00 -2.12
1190 0.95 -1.00 -2.14
1191 0.95 -1.00 -2.16
1192 0.95 -1.00 -2.17
1193 0.95 -1.00 -2.19
1194 0.95 -1.00 -2.20
1195 0.95 -1.00 -2.22
1196 0.95 -1.00 -2.23
1197 0.95 -1.00 -2.25
1198 0.95 -1.00 -2.27
1199 0.95 -1.00 -2.28
1200 0.95 -1.00 -2.30
1201 0.95 -1.00 -2.31
1202 0.95 -1.00 -2.33
1203 0.95 -1.00 -2.34
1204 0.95 -1.00 -2.36
1205 0.95 -1.00 -2.38
1206 0.95 -1.00 -2.39
1207 0.95 -1.00 -2.41
1208 0.95 -1.00 -2.42
1209 0.95 -1.00 -2.44
1210 0.95 -1.00 -2.45
1211 0.95 -1.00 -2.47
1212 0.95 -1.00 -2.48
1213 0.95 -1.00 -2.50
1214 0.95 -1.00 -2.52
1215 0.95 -1.00 -2.53
1216 0.95 -1.00 -2.55
1217 0.95 -1.00 -2.56
1218 0.95 -1.00 -2.58
1219 0.95 -1.00 -2.59
1220 0.95 -1.00 -2.61
1221 0.95 -1.00 -2.63
1222 0.95 -1.00 -2.64
1223 0.95 -1.00 -2.66
1224 0.95 -1.00 -2.67
1225 0.95 -1.00 -2.69
1226 0.95 -1.00 -2.70
1227 0.95 -1.00 -2.72
1228 0.95 -1.00 -2.73
1229 0.95 -1.00 -2.75
1230 0.95 -1.00 -2.77
1231 0.95 -1.00 -2.78
1232 0.95 -1.00 -2.80
1233 0.95 -1.00 -2.81
1234 0.95 -1.00 -2.83
1235 0.95 -1.00 -2.84
1236 0.95 -1.00 -2.86
1237 0.95 -1.00 -2.87
1238 0.95 -1.00 -2.89
1239 0.95 -1.00 -2.91
1240 0.95 -1.00 -2.92
1241 0.95 -1.00 -2.94
1242 0.95 -1.00 -2.95
1243 0.95 -1.00 -2.97
1244 0.95 -1.00 -2.98
1245 0.95 -1.00 -3.00
1246 0.95 -1.00 -3.02
1247 0.95 -1.00 -3.03
1248 0.95 -1.00 -3.05
1249 0.95 -1.00 -3.06
1250 0.95 -1.00 -3.08
1251 0.95 -1.00 -3.09
1252 0.95 -1.00 -3.11
1253 0.95 -1.00 -3.13
1254 0.95 -1.00 -3.14
1255 0.95 -1.00 3.13
1256 0.95 -1.00 3.11
1257 0.95 -1.00 3.10
1258 0.95 -1.00 3.10
1259 0.95 -1.00 3.08
1260 0.95 -1.00 3.08
1261 0.94 -1.00 3.08
1262 0.94 -1.00 3.08
1263 0.94 -1.00 3.08
1264 0.94 -1.00 3.08
1265 0.94 -1.00 3.08
1266 0.93 -1.00 3.08
1267 0.93 -1.00 3.08
1268 0.93 -1.00 3.08
1269 0.93 -1.00 3.08
1270 0.93 -1.00 3.08
1271 0.92 -1.00 3.08
1272 0.92 -1.00 3.08
1273 0.92 -1.00 3.08
1274 0.92 -1.00 3.08
1275 0.92 -1.00 3.08
1276 0.91 -1.00 3.08
1277 0.91 -1.00 3.08
1278 0.91 -1.00 3.08
1279 0.91 -1.00 3.08
1280 0.91 -1.00 3.08
1281 0.90 -1.00 3.08
1282 0.90 -1.00 3.08
1283 0.90 -1.00 3.08
1284 0.90 -1.00 3.08
1285 0.90 -1.00 3.08
1286 0.89 -1.00 3.08
1287 0.89 -1.00 3.08
1288 0.89 -1.00 3.08
1289 0.89 -1.00 3.08
1290 0.89 -1.00 3.08
1291 0.88 -1.00 3.08
1292 0.88 -1.00 3.08
1293 0.88 -1.00 3.08
1294 0.88 -1.00 3.08
1295 0.88 -1.00 3.08
1296 0.87 -1.00 3.08
1297 0.87 -1.00 3.08
1298 0.87 -1.00 3.08
1299 0.87 -1.00 3.08
1300 0.86 -1.00 3.08
1301 0.86 -0.99 3.08
1302 0.86 -0.99 3.08
1303 0.86 -0.99 3.08
1304 0.86 -0.99 3.08
1305 0.85 -0.99 3.08
1306 0.85 -0.99 3.08
1307 0.85 -0.99 3.08
1308 0.85 -0.99 3.08
1309 0.85 -0.99 3.08
1310 0.84 -0.99 3.08
1311 0.84 -0.99 3.08
1312 0.84 -0.99 3.08
1313 0.84 -0.99 3.08
1314 0.84 -0.99 3.08
1315 0.83 -0.99 3.08
1316 0.83 -0.99 3.08
1317 0.83 -0.99 3.08
1318 0.83 -0.99 3.08
1319 0.83 -0.99 3.08
1320 0.82 -0.99 3.08
1321 0.82 -0.99 3.08
1322 0.82 -0.99 3.08
1323 0.82 -0.99 3.08
1324 0.82 -0.99 3.08
1325 0.81 -0.99 3.08
1326 0.81 -0.99 3.08
1327 0.81 -0.99 3.08
1328 0.81 -0.99 3.08
1329 0.81 -0.99 3.08
1330 0.80 -0.99 3.08
1331 0.80 -0.99 3.08
1332 0.80 -0.99 3.08
1333 0.80 -0.99 3.08
1334 0.80 -0.99 3.08
1335 0.79 -0.99 3.08
1336 0.79 -0.99 3.08
1337 0.79 -0.99 3.08
1338 0.79 -0.99 3.08
1339 0.79 -0.99 3.08
1340 0.78 -0.99 3.08
1341 0.78 -0.99 3.08
1342 0.78 -0.99 3.08
1343 0.78 -0.99 3.08
1344 0.78 -0.99 3.08
1345 0.77 -0.99 3.08
1346 0.77 -0.99 3.08
1347 0.77 -0.99 3.08
1348 0.77 -0.99 3.08
1349 0.77 -0.99 3.08
1350 0.76 -0.99 3.08
1351 0.76 -0.99 3.08
1352 0.76 -0.99 3.08
1353 0.76 -0.99 3.08
1354 0.76 -0.99 3.08
1355 0.75 -0.99 3.08
1356 0.75 -0.99 3.08
1357 0.75 -0.99 3.08
1358 0.75 -0.99 3.08
1359 0.75 -0.99 3.08
1360 0.74 -0.99 3.08
1361 0.74 -0.99 3.08
1362 0.74 -0.99 3.08
1363 0.74 -0.99 3.08
1364 0.74 -0.99 3.08
1365 0.73 -0.99 3.08
1366 0.73 -0.99 3.08
1367 0.73 -0.99 3.08
1368 0.73 -0.99 3.08
1369 0.73 -0.99 3.08
1370 0.72 -0.99 3.08
1371 0.72 -0.99 3.08
1372 0.72 -0.99 3.08
1373 0.72 -0.99 3.08
1374 0.72 -0.99 3.08
1375 0.71 -0.99 3.08
1376 0.71 -0.99 3.08
1377 0.71 -0.99 3.08
1378 0.71 -0.99 3.08
1379 0.71 -0.99 3.08
1380 0.70 -0.99 3.08
1381 0.70 -0.99 3.08
1382 0.70 -0.98 3.08
1383 0.70 -0.98 3.08
1384 0.70 -0.98 3.08
1385 0.69 -0.98 3.08
1386 0.69 -0.98 3.08
1387 0.69 -0.98 3.08
1388 0.69 -0.98 3.08
1389 0.69 -0.98 3.08
1390 0.68 -0.98 3.08
1391 0.68 -0.98 3.08
1392 0.68 -0.98 3.08
1393 0.68 -0.98 3.08
1394 0.68 -0.98 3.08
1395 0.67 -0.98 3.08
1396 0.67 -0.98 3.08
1397 0.67 -0.98 3.08
1398 0.67 -0.98 3.08
1399 0.67 -0.98 3.08
1400 0.66 -0.98 3.08
1401 0.66 -0.98 3.08
1402 0.66 -0.98 3.08
1403 0.66 -0.98 3.08
1404 0.66 -0.98 3.08
1405 0.65 -0.98 3.08
1406 0.65 -0.98 3.08
1407 0.65 -0.98 3.08
1408 0.65 -0.98 3.08
1409 0.65 -0.98 3.08
1410 0.64 -0.98 3.08
1411 0.64 -0.98 3.08
1412 0.64 -0.98 3.08
1413 0.64 -0.98 3.08
1414 0.64 -0.98 3.08
1415 0.63 -0.98 3.08
1416 0.63 -0.98 3.08
1417 0.63 -0.98 3.08
1418 0.63 -0.98 3.08
1419 0.63 -0.98 3.08
1420 0.62 -0.98 3.08
1421 0.62 -0.98 3.08
1422 0.62 -0.98 3.08
1423 0.62 -0.98 3.08
1424 0.62 -0.98 3.08
1425 0.61 -0.98 3.08
1426 0.61 -0.98 3.08
1427 0.61 -0.98 3.08
1428 0.61 -0.98 3.08
1429 0.61 -0.98 3.08
1430 0.60 -0.98 3.08
1431 0.60 -0.98 3.08
1432 0.60 -0.98 3.08
1433 0.60 -0.98 3.08
1434 0.60 -0.98 3.08
1435 0.59 -0.98 3.08
1436 0.59 -0.98 3.08
1437 0.59 -0.98 3.08
1438 0.59 -0.98 3.08
1439 0.59 -0.98 3.08
1440 0.59 -0.98 3.08
1441 0.58 -0.98 3.08
1442 0.58 -0.98 3.08
1443 0.58 -0.98 3.08
1444 0.58 -0.98 3.08
1445 0.58 -0.98 3.08
1446 0.57 -0.98 3.08
1447 0.57 -0.98 3.08
1448 0.57 -0.98 3.08
1449 0.57 -0.98 3.08
1450 0.57 -0.98 3.08
1451 0.56 -0.98 3.08
1452 0.56 -0.98 3.08
1453 0.56 -0.98 3.08
1454 0.56 -0.98 3.08
1455 0.56 -0.98 3.08
1456 0.55 -0.98 3.08
1457 0.55 -0.98 3.08
1458 0.55 -0.98 3.08
1459 0.55 -0.98 3.08
1460 0.55 -0.98 3.08
1461 0.54 -0.98 3.08
1462 0.54 -0.98 3.08
1463 0.54 -0.97 3.08
1464 0.54 -0.97 3.08
1465 0.54 -0.97 3.08
1466 0.53 -0.97 3.08
1467 0.53 -0.97 3.08
1468 0.53 -0.97 3.08
1469 0.53 -0.97 3.08
1470 0.53 -0.97 3.08
1471 0.52 -0.97 3.08
1472 0.52 -0.97 3.08
1473 0.52 -0.97 3.08
1474 0.52 -0.97 3.08
1475 0.52 -0.97 3.08
1476 0.51 -0.97 3.08
1477 0.51 -0.97 3.08
1478 0.51 -0.97 3.08
1479 0.51 -0.97 3.08
1480 0.51 -0.97 3.08
1481 0.50 -0.97 3.08
1482 0.50 -0.97 3.08
1483 0.50 -0.97 3.08
1484 0.50 -0.97 3.08
1485 0.50 -0.97 3.08
1486 0.49 -0.97 3.08
1487 0.49 -0.97 3.08
1488 0.49 -0.97 3.08
1489 0.49 -0.97 3.08
1490 0.49 -0.97 3.08
1491 0.48 -0.97 3.08
1492 0.48 -0.97 3.08
1493 0.48 -0.97 3.08
1494 0.48 -0.97 3.08
1495 0.48 -0.97 3.08
1496 0.47 -0.97 3.08
1497 0.47 -0.97 3.08
1498 0.47 -0.97 3.08
1499 0.47 -0.97 3.08
1500 0.47 -0.97 3.08
1501 0.46 -0.97 3.08
1502 0.46 -0.97 3.08
1503 0.46 -0.97 3.08
1504 0.46 -0.97 3.08
1505 0.46 -0.97 3.08
1506 0.45 -0.97 3.08
1507 0.45 -0.97 3.08
1508 0.45 -0.97 3.08
1509 0.45 -0.97 3.08
1510 0.45 -0.97 3.08
1511 0.44 -0.97 3.08
1512 0.44 -0.97 3.08
1513 0.44 -0.97 3.08
1514 0.44 -0.97 3.08
1515 0.44 -0.97 3.08
1516 0.43 -0.97 3.08
1517 0.43 -0.97 3.08
1518 0.43 -0.97 3.08
1519 0.43 -0.97 3.08
1520 0.43 -0.97 3.08
1521 0.42 -0.97 3.08
1522 0.42 -0.97 3.08
1523 0.42 -0.97 3.08
1524 0.42 -0.97 3.08
1525 0.42 -0.97 3.08
1526 0.41 -0.97 3.08
1527 0.41 -0.97 3.08
1528 0.41 -0.97 3.08
1529 0.41 -0.97 3.08
1530 0.41 -0.97 3.08
1531 0.40 -0.97 3.08
1532 0.40 -0.97 3.08
1533 0.40 -0.97 3.08
1534 0.40 -0.97 3.08
1535 0.40 -0.97 3.08
1536 0.39 -0.97 3.08
1537 0.39 -0.97 3.08
1538 0.39 -0.97 3.08
1539 0.39 -0.97 3.08
1540 0.39 -0.97 3.08
1541 0.38 -0.97 3.08
1542 0.38 -0.97 3.08
1543 0.38 -0.96 3.08
1544 0.38 -0.96 3.08
1545 0.38 -0.96 3.08
1546 0.37 -0.96 3.08
1547 0.37 -0.96 3.08
1548 0.37 -0.96 3.08
1549 0.37 -0.96 3.08
1550 0.37 -0.96 3.08
1551 0.36 -0.96 3.08
1552 0.36 -0.96 3.08
1553 0.36 -0.96 3.08
1554 0.36 -0.96 3.08
1555 0.36 -0.96 3.08
1556 0.35 -0.96 3.08
1557 0.35 -0.96 3.08
1558 0.35 -0.96 3.08
1559 0.35 -0.96 3.08
1560 0.35 -0.96 3.08
1561 0.34 -0.96 3.08
1562 0.34 -0.96 3.08
1563 0.34 -0.96 3.08
1564 0.34 -0.96 3.08
1565 0.34 -0.96 3.08
1566 0.33 -0.96 3.08
1567 0.33 -0.96 3.08
1568 0.33 -0.96 3.08
1569 0.33 -0.96 3.08
1570 0.33 -0.96 3.08
1571 0.32 -0.96 3.08
1572 0.32 -0.96 3.08
1573 0.32 -0.96 3.08
1574 0.32 -0.96 3.08
1575 0.32 -0.96 3.08
1576 0.31 -0.96 3.08
1577 0.31 -0.96 3.08
1578 0.31 -0.96 3.08
1579 0.31 -0.96 3.08
1580 0.31 -0.96 3.08
1581 0.30 -0.96 3.08
1582 0.30 -0.96 3.08
1583 0.30 -0.96 3.08
1584 0.30 -0.96 3.08
1585 0.30 -0.96 3.08
1586 0.29 -0.96 3.08
1587 0.29 -0.96 3.08
1588 0.29 -0.96 3.08
1589 0.29 -0.96 3.08
1590 0.29 -0.96 3.08
1591 0.28 -0.96 3.08
1592 0.28 -0.96 3.08
1593 0.28 -0.96 3.08
1594 0.28 -0.96 3.08
1595 0.28 -0.96 3.08
1596 0.27 -0.96 3.08
1597 0.27 -0.96 3.08
1598 0.27 -0.96 3.08
1599 0.27 -0.96 3.08
1600 0.27 -0.96 3.08
1601 0.26 -0.96 3.08
1602 0.26 -0.96 3.08
1603 0.26 -0.96 3.08
1604 0.26 -0.96 3.08
1605 0.26 -0.96 3.08
1606 0.25 -0.96 3.08
1607 0.25 -0.96 3.08
1608 0.25 -0.96 3.08
1609 0.25 -0.96 3.08
1610 0.25 -0.96 3.08
1611 0.24 -0.96 3.08
1612 0.24 -0.96 3.08
1613 0.24 -0.96 3.08
1614 0.24 -0.96 3.08
1615 0.24 -0.96 3.08
1616 0.23 -0.96 3.08
1617 0.23 -0.96 3.08
1618 0.23 -0.96 3.08
1619 0.23 -0.96 3.08
1620 0.23 -0.96 3.08
1621 0.22 -0.96 3.08
1622 0.22 -0.96 3.08
1623 0.22 -0.96 3.08
1624 0.22 -0.95 3.08
1625 0.22 -0.95 3.08
1626 0.21 -0.95 3.08
1627 0.21 -0.95 3.08
1628 0.21 -0.95 3.08
1629 0.21 -0.95 3.08
1630 0.21 -0.95 3.08
1631 0.20 -0.95 3.08
1632 0.20 -0.95 3.08
1633 0.20 -0.95 3.08
1634 0.20 -0.95 3.08
1635 0.20 -0.95 3.08
1636 0.19 -0.95 3.08
1637 0.19 -0.95 3.08
1638 0.19 -0.95 3.08
1639 0.19 -0.95 3.08
1640 0.19 -0.95 3.08
1641 0.18 -0.95 3.08
1642 0.18 -0.95 3.08
1643 0.18 -0.95 3.08
1644 0.18 -0.95 3.08
1645 0.18 -0.95 3.08
1646 0.17 -0.95 3.08
1647 0.17 -0.95 3.08
1648 0.17 -0.95 3.08
1649 0.17 -0.95 3.08
1650 0.17 -0.95 3.08
1651 0.16 -0.95 3.08
1652 0.16 -0.95 3.08
1653 0.16 -0.95 3.08
1654 0.16 -0.95 3.08
1655 0.16 -0.95 3.08
1656 0.15 -0.95 3.08
1657 0.15 -0.95 3.08
1658 0.15 -0.95 3.08
1659 0.15 -0.95 3.08
1660 0.15 -0.95 3.08
1661 0.14 -0.95 3.08
1662 0.14 -0.95 3.08
1663 0.14 -0.95 3.08
1664 0.14 -0.95 3.08
1665 0.14 -0.95 3.08
1666 0.13 -0.95 3.08
1667 0.13 -0.95 3.08
1668 0.13 -0.95 3.08
1669 0.13 -0.95 3.08
1670 0.13 -0.95 3.08
1671 0.12 -0.95 3.08
1672 0.12 -0.95 3.08
1673 0.12 -0.95 3.08
1674 0.12 -0.95 3.08
1675 0.12 -0.95 3.08
1676 0.11 -0.95 3.08
1677 0.11 -0.95 3.08
1678 0.11 -0.95 3.08
1679 0.11 -0.95 3.08
1680 0.11 -0.95 3.08
1681 0.10 -0.95 3.08
1682 0.10 -0.95 3.08
1683 0.10 -0.95 3.08
1684 0.10 -0.95 3.08
1685 0.10 -0.95 3.08
1686 0.09 -0.95 3.08
1687 0.09 -0.95 3.08
1688 0.09 -0.95 3.08
1689 0.09 -0.95 3.08
1690 0.09 -0.95 3.08
1691 0.08 -0.95 3.08
1692 0.08 -0.95 3.08
1693 0.08 -0.95 3.08
1694 0.08 -0.95 3.08
1695 0.08 -0.95 3.08
1696 0.07 -0.95 3.08
1697 0.07 -0.95 3.08
1698 0.07 -0.95 3.08
1699 0.07 -0.95 3.08
1700 0.07 -0.95 3.08
1701 0.06 -0.95 3.08
1702 0.06 -0.95 3.08
1703 0.06 -0.95 3.08
1704 0.06 -0.95 3.08
1705 0.06 -0.94 3.08
1706 0.05 -0.94 3.08
1707 0.05 -0.94 3.08
1708 0.05 -0.94 3.08
1709 0.05 -0.94 3.08
1710 0.05 -0.94 3.08
1711 0.04 -0.94 3.08
1712 0.04 -0.94 3.08
1713 0.04 -0.94 3.08
1714 0.04 -0.94 3.08
1715 0.04 -0.94 3.08
1716 0.03 -0.94 3.08
1717 0.03 -0.94 3.08
1718 0.03 -0.94 3.08
1719 0.03 -0.94 3.08
1720 0.03 -0.94 3.08
1721 0.02 -0.94 3.08
1722 0.02 -0.94 3.08
1723 0.02 -0.94 3.08
1724 0.02 -0.94 3.08
1725 0.02 -0.94 3.08
1726 0.01 -0.94 3.08
1727 0.01 -0.94 3.08
1728 0.01 -0.94 3.08
1729 0.01 -0.94 3.08
1730 0.01 -0.94 3.08
1731 0.00 -0.94 3.08
1732 0.00 -0.94 3.08
1733 0.00 -0.94 3.08
1734 -0.00 -0.94 3.08
1735 -0.00 -0.94 3.08
1736 -0.01 -0.94 3.08
1737 -0.01 -0.94 3.08
1738 -0.01 -0.94 3.08
1739 -0.01 -0.94 3.08
1740 -0.01 -0.94 3.08
1741 -0.02 -0.94 3.08
1742 -0.02 -0.94 3.08
1743 -0.02 -0.94 3.08
1744 -0.02 -0.94 3.08
1745 -0.02 -0.94 3.08
1746 -0.02 -0.94 3.08
1747 -0.03 -0.94 3.08
1748 -0.03 -0.94 3.08
1749 -0.03 -0.94 3.08
1750 -0.03 -0.94 3.08
1751 -0.03 -0.94 3.08
1752 -0.03 -0.94 3.08
1753 -0.04 -0.94 3.08
1754 -0.04 -0.94 3.08
1755 -0.04 -0.94 3.08
1756 -0.04 -0.94 3.08
1757 -0.04 -0.94 3.08
1758 -0.04 -0.94 3.08
1759 -0.04 -0.94 3.08
1760 -0.04 -0.94 3.08
1761 -0.04 -0.94 3.08
1762 -0.05 -0.94 3.08
1763 -0.05 -0.94 3.08
1764 -0.05 -0.94 3.08
1765 -0.05 -0.94 3.08
1766 -0.05 -0.94 3.08
1767 -0.05 -0.94 3.08
1768 -0.05 -0.94 3.08
1769 -0.05 -0.94 3.08
1770 -0.05 -0.94 3.08
1771 -0.05 -0.94 3.08
1772 -0.05 -0.94 3.08
1773 -0.05 -0.94 3.08
1774 -0.05 -0.94 3.08
1775 -0.05 -0.94 3.08
1776 -0.05 -0.94 3.08
1777 -0.05 -0.94 3.06
1778 -0.05 -0.94 3.05
1779 -0.05 -0.94 3.03
1780 -0.05 -0.94 3.02
1781 -0.05 -0.94 3.00
1782 -0.05 -0.94 2.99
1783 -0.05 -0.94 2.97
1784 -0.05 -0.94 2.95
1785 -0.05 -0.94 2.94
1786 -0.05 -0.94 2.92
1787 -0.05 -0.94 2.91
1788 -0.05 -0.94 2.89
1789 -0.05 -0.94 2.88
1790 -0.05 -0.94 2.86
1791 -0.05 -0.94 2.85
1792 -0.05 -0.94 2.83
1793 -0.05 -0.94 2.81
1794 -0.05 -0.94 2.80
1795 -0.05 -0.94 2.78
1796 -0.05 -0.94 2.77
1797 -0.05 -0.94 2.75
1798 -0.05 -0.94 2.74
1799 -0.05 -0.94 2.72
1800 -0.05 -0.94 2.71
1801 -0.05 -0.94 2.69
1802 -0.05 -0.94 2.67
1803 -0.05 -0.94 2.66
1804 -0.05 -0.94 2.64
1805 -0.05 -0.94 2.63
1806 -0.05 -0.94 2.61
1807 -0.05 -0.94 2.60
1808 -0.05 -0.94 2.58
1809 -0.05 -0.94 2.56
1810 -0.05 -0.94 2.55
1811 -0.05 -0.94 2.53
1812 -0.05 -0.94 2.52
1813 -0.05 -0.94 2.50
1814 -0.05 -0.94 2.49
1815 -0.05 -0.94 2.47
1816 -0.05 -0.94 2.46
1817 -0.05 -0.94 2.44
1818 -0.05 -0.94 2.42
1819 -0.05 -0.94 2.41
1820 -0.05 -0.94 2.39
1821 -0.05 -0.94 2.38
1822 -0.05 -0.94 2.36
1823 -0.05 -0.94 2.35
1824 -0.05 -0.94 2.33
1825 -0.05 -0.94 2.31
1826 -0.05 -0.94 2.30
1827 -0.05 -0.94 2.28
1828 -0.05 -0.94 2.27
1829 -0.05 -0.94 2.25
1830 -0.05 -0.94 2.24
1831 -0.05 -0.94 2.22
1832 -0.05 -0.94 2.20
1833 -0.05 -0.94 2.19
1834 -0.05 -0.94 2.17
1835 -0.05 -0.94 2.16
1836 -0.05 -0.94 2.14
1837 -0.05 -0.94 2.13
1838 -0.05 -0.94 2.11
1839 -0.05 -0.94 2.10
1840 -0.05 -0.94 2.08
1841 -0.05 -0.94 2.06
1842 -0.05 -0.94 2.05
1843 -0.05 -0.94 2.03
1844 -0.05 -0.94 2.02
1845 -0.05 -0.94 2.00
1846 -0.05 -0.94 1.99
1847 -0.05 -0.94 1.97
1848 -0.05 -0.94 1.96
1849 -0.05 -0.94 1.94
1850 -0.05 -0.94 1.92
1851 -0.05 -0.94 1.91
1852 -0.05 -0.94 1.89
1853 -0.05 -0.94 1.88
1854 -0.05 -0.94 1.86
1855 -0.05 -0.94 1.85
1856 -0.05 -0.94 1.83
1857 -0.05 -0.94 1.81
1858 -0.05 -0.94 1.80
1859 -0.05 -0.94 1.78
1860 -0.05 -0.94 1.77
1861 -0.05 -0.94 1.75
1862 -0.05 -0.94 1.74
1863 -0.05 -0.94 1.72
1864 -0.05 -0.94 1.71
1865 -0.05 -0.94 1.69
1866 -0.05 -0.94 1.67
1867 -0.05 -0.94 1.66
1868 -0.05 -0.94 1.64
1869 -0.05 -0.94 1.63
1870 -0.05 -0.94 1.61
1871 -0.05 -0.94 1.60
1872 -0.05 -0.94 1.58
1873 -0.05 -0.94 1.56
1874 -0.05 -0.94 1.55
1875 -0.05 -0.94 1.53
1876 -0.05 -0.94 1.52
1877 -0.05 -0.94 1.50
1878 -0.05 -0.94 1.50
1879 -0.05 -0.94 1.49
1880 -0.05 -0.94 1.49
1881 -0.05 -0.94 1.49
1882 -0.05 -0.93 1.49
1883 -0.05 -0.93 1.49
1884 -0.05 -0.93 1.49
1885 -0.05 -0.93 1.49
1886 -0.05 -0.93 1.49
1887 -0.05 -0.92 1.49
1888 -0.05 -0.92 1.49
1889 -0.05 -0.92 1.49
1890 -0.05 -0.92 1.49
1891 -0.05 -0.92 1.49
1892 -0.05 -0.91 1.49
1893 -0.05 -0.91 1.49
1894 -0.05 -0.91 1.49
1895 -0.05 -0.91 1.49
1896 -0.05 -0.91 1.49
1897 -0.05 -0.90 1.49
1898 -0.05 -0.90 1.49
1899 -0.05 -0.90 1.49
1900 -0.05 -0.90 1.49
1901 -0.05 -0.90 1.49
1902 -0.05 -0.89 1.49
1903 -0.05 -0.89 1.49
1904 -0.05 -0.89 1.49
1905 -0.05 -0.89 1.49
1906 -0.05 -0.89 1.49
1907 -0.05 -0.88 1.49
1908 -0.05 -0.88 1.49
1909 -0.05 -0.88 1.49
1910 -0.05 -0.88 1.49
1911 -0.05 -0.88 1.49
1912 -0.05 -0.87 1.49
1913 -0.05 -0.87 1.49
1914 -0.05 -0.87 1.49
1915 -0.05 -0.87 1.49
1916 -0.05 -0.87 1.49
1917 -0.05 -0.86 1.49
1918 -0.05 -0.86 1.49
1919 -0.05 -0.86 1.49
1920 -0.05 -0.86 1.49
1921 -0.05 -0.86 1.49
1922 -0.05 -0.85 1.49
1923 -0.05 -0.85 1.49
1924 -0.04 -0.85 1.49
1925 -0.04 -0.85 1.49
1926 -0.04 -0.85 1.49
1927 -0.04 -0.84 1.49
1928 -0.04 -0.84 1.49
1929 -0.04 -0.84 1.49
1930 -0.04 -0.84 1.49
1931 -0.04 -0.84 1.49
1932 -0.04 -0.83 1.49
1933 -0.04 -0.83 1.49
1934 -0.04 -0.83 1.49
1935 -0.04 -0.83 1.49
1936 -0.04 -0.83 1.49
1937 -0.04 -0.82 1.49
1938 -0.04 -0.82 1.49
1939 -0.04 -0.82 1.49
1940 -0.04 -0.82 1.49
1941 -0.04 -0.82 1.49
1942 -0.04 -0.81 1.49
1943 -0.04 -0.81 1.49
1944 -0.04 -0.81 1.49
1945 -0.04 -0.81 1.49
1946 -0.04 -0.81 1.49
1947 -0.04 -0.80 1.49
1948 -0.04 -0.80 1.49
1949 -0.04 -0.80 1.49
1950 -0.04 -0.80 1.49
1951 -0.04 -0.80 1.49
1952 -0.04 -0.79 1.49
1953 -0.04 -0.79 1.49
1954 -0.04 -0.79 1.49
1955 -0.04 -0.79 1.49
1956 -0.04 -0.79 1.49
1957 -0.04 -0.78 1.49
1958 -0.04 -0.78 1.49
1959 -0.04 -0.78 1.49
1960 -0.04 -0.78 1.49
1961 -0.04 -0.78 1.49
1962 -0.04 -0.77 1.49
1963 -0.04 -0.77 1.49
1964 -0.04 -0.77 1.49
1965 -0.04 -0.77 1.49
1966 -0.04 -0.77 1.49
1967 -0.04 -0.76 1.49
1968 -0.04 -0.76 1.49
1969 -0.04 -0.76 1.49
1970 -0.04 -0.76 1.49
1971 -0.04 -0.76 1.49
1972 -0.04 -0.75 1.49
1973 -0.04 -0.75 1.49
1974 -0.04 -0.75 1.49
1975 -0.04 -0.75 1.49
1976 -0.04 -0.75 1.49
1977 -0.04 -0.74 1.49
1978 -0.04 -0.74 1.49
1979 -0.04 -0.74 1.49
1980 -0.04 -0.74 1.49
1981 -0.04 -0.74 1.49
1982 -0.04 -0.74 1.49
1983 -0.03 -0.73 1.49
1984 -0.03 -0.73 1.49
1985 -0.03 -0.73 1.49
1986 -0.03 -0.73 1.49
1987 -0.03 -0.73 1.49
1988 -0.03 -0.72 1.49
1989 -0.03 -0.72 1.49
1990 -0.03 -0.72 1.49
1991 -0.03 -0.72 1.49
1992 -0.03 -0.72 1.49
1993 -0.03 -0.71 1.49
1994 -0.03 -0.71 1.49
1995 -0.03 -0.71 1.49
1996 -0.03 -0.71 1.49
1997 -0.03 -0.71 1.49
1998 -0.03 -0.70 1.49
1999 -0.03 -0.70 1.49
2000 -0.03 -0.70 1.49
2001 -0.03 -0.70 1.49
2002 -0.03 -0.70 1.49
2003 -0.03 -0.69 1.49
2004 -0.03 -0.69 1.49
2005 -0.03 -0.69 1.49
2006 -0.03 -0.69 1.49
2007 -0.03 -0.69 1.49
2008 -0.03 -0.68 1.49
2009 -0.03 -0.68 1.49
2010 -0.03 -0.68 1.49
2011 -0.03 -0.68 1.49
2012 -0.03 -0.68 1.49
2013 -0.03 -0.67 1.49
2014 -0.03 -0.67 1.49
2015 -0.03 -0.67 1.49
2016 -0.03 -0.67 1.49
2017 -0.03 -0.67 1.49
2018 -0.03 -0.66 1.49
2019 -0.03 -0.66 1.49
2020 -0.03 -0.66 1.49
2021 -0.03 -0.66 1.49
2022 -0.03 -0.66 1.49
2023 -0.03 -0.65 1.49
2024 -0.03 -0.65 1.49
2025 -0.03 -0.65 1.49
2026 -0.03 -0.65 1.49
2027 -0.03 -0.65 1.49
2028 -0.03 -0.64 1.49
2029 -0.03 -0.64 1.49
2030 -0.03 -0.64 1.49
2031 -0.03 -0.64 1.49
2032 -0.03 -0.64 1.49
2033 -0.03 -0.63 1.49
2034 -0.03 -0.63 1.49
2035 -0.03 -0.63 1.49
2036 -0.03 -0.63 1.49
2037 -0.03 -0.63 1.49
2038 -0.03 -0.62 1.49
2039 -0.03 -0.62 1.49
2040 -0.03 -0.62 1.49
2041 -0.03 -0.62 1.49
2042 -0.02 -0.62 1.49
2043 -0.02 -0.61 1.49
2044 -0.02 -0.61 1.49
2045 -0.02 -0.61 1.49
2046 -0.02 -0.61 1.49
2047 -0.02 -0.61 1.49
2048 -0.02 -0.60 1.49
2049 -0.02 -0.60 1.49
2050 -0.02 -0.60 1.49
2051 -0.02 -0.60 1.49
2052 -0.02 -0.60 1.49
2053 -0.02 -0.59 1.49
2054 -0.02 -0.59 1.49
2055 -0.02 -0.59 1.49
2056 -0.02 -0.59 1.49
2057 -0.02 -0.59 1.49
2058 -0.02 -0.58 1.49
2059 -0.02 -0.58 1.49
2060 -0.02 -0.58 1.49
2061 -0.02 -0.58 1.49
2062 -0.02 -0.58 1.49
2063 -0.02 -0.57 1.49
2064 -0.02 -0.57 1.49
2065 -0.02 -0.57 1.49
2066 -0.02 -0.57 1.49
2067 -0.02 -0.57 1.49
2068 -0.02 -0.56 1.49
2069 -0.02 -0.56 1.49
2070 -0.02 -0.56 1.49
2071 -0.02 -0.56 1.49
2072 -0.02 -0.56 1.49
2073 -0.02 -0.55 1.49
2074 -0.02 -0.55 1.49
2075 -0.02 -0.55 1.49
2076 -0.02 -0.55 1.49
2077 -0.02 -0.55 1.49
2078 -0.02 -0.54 1.49
2079 -0.02 -0.54 1.49
2080 -0.02 -0.54 1.49
2081 -0.02 -0.54 1.49
2082 -0.02 -0.54 1.49
2083 -0.02 -0.53 1.49
2084 -0.02 -0.53 1.49
2085 -0.02 -0.53 1.49
2086 -0.02 -0.53 1.49
2087 -0.02 -0.53 1.49
2088 -0.02 -0.52 1.49
2089 -0.02 -0.52 1.49
2090 -0.02 -0.52 1.49
2091 -0.02 -0.52 1.49
2092 -0.02 -0.52 1.49
2093 -0.02 -0.51 1.49
2094 -0.02 -0.51 1.49
2095 -0.02 -0.51 1.49
2096 -0.02 -0.51 1.49
2097 -0.02 -0.51 1.49
2098 -0.02 -0.50 1.49
2099 -0.02 -0.50 1.49
2100 -0.02 -0.50 1.49
2101 -0.01 -0.50 1.49
2102 -0.01 -0.50 1.49
2103 -0.01 -0.49 1.49
2104 -0.01 -0.49 1.49
2105 -0.01 -0.49 1.49
2106 -0.01 -0.49 1.49
2107 -0.01 -0.49 1.49
2108 -0.01 -0.48 1.49
2109 -0.01 -0.48 1.49
2110 -0.01 -0.48 1.49
2111 -0.01 -0.48 1.49
2112 -0.01 -0.48 1.49
2113 -0.01 -0.47 1.49
2114 -0.01 -0.47 1.49
2115 -0.01 -0.47 1.49
2116 -0.01 -0.47 1.49
2117 -0.01 -0.47 1.49
2118 -0.01 -0.46 1.49
2119 -0.01 -0.46 1.49
2120 -0.01 -0.46 1.49
2121 -0.01 -0.46 1.49
2122 -0.01 -0.46 1.49
2123 -0.01 -0.45 1.49
2124 -0.01 -0.45 1.49
2125 -0.01 -0.45 1.49
2126 -0.01 -0.45 1.49
2127 -0.01 -0.45 1.49
2128 -0.01 -0.44 1.49
2129 -0.01 -0.44 1.49
2130 -0.01 -0.44 1.49
2131 -0.01 -0.44 1.49
2132 -0.01 -0.44 1.49
2133 -0.01 -0.43 1.49
2134 -0.01 -0.43 1.49
2135 -0.01 -0.43 1.49
2136 -0.01 -0.43 1.49
2137 -0.01 -0.43 1.49
2138 -0.01 -0.42 1.49
2139 -0.01 -0.42 1.49
2140 -0.01 -0.42 1.49
2141 -0.01 -0.42 1.49
2142 -0.01 -0.42 1.49
2143 -0.01 -0.41 1.49
2144 -0.01 -0.41 1.49
2145 -0.01 -0.41 1.49
2146 -0.01 -0.41 1.49
2147 -0.01 -0.41 1.49
2148 -0.01 -0.40 1.49
2149 -0.01 -0.40 1.49
2150 -0.01 -0.40 1.49
2151 -0.01 -0.40 1.49
2152 -0.01 -0.40 1.49
2153 -0.01 -0.39 1.49
2154 -0.01 -0.39 1.49
2155 -0.01 -0.39 1.49
2156 -0.01 -0.39 1.49
2157 -0.01 -0.39 1.49
2158 -0.01 -0.38 1.49
2159 -0.01 -0.38 1.49
2160 -0.00 -0.38 1.49
2161 -0.00 -0.38 1.49
2162 -0.00 -0.38 1.49
2163 -0.00 -0.37 1.49
2164 -0.00 -0.37 1.49
2165 -0.00 -0.37 1.49
2166 -0.00 -0.37 1.49
2167 -0.00 -0.37 1.49
2168 -0.00 -0.36 1.49
2169 -0.00 -0.36 1.49
2170 -0.00 -0.36 1.49
2171 -0.00 -0.36 1.49
2172 -0.00 -0.36 1.49
2173 -0.00 -0.35 1.49
2174 -0.00 -0.35 1.49
2175 -0.00 -0.35 1.49
2176 -0.00 -0.35 1.49
2177 -0.00 -0.35 1.49
2178 -0.00 -0.34 1.49
2179 -0.00 -0.34 1.49
2180 -0.00 -0.34 1.49
2181 -0.00 -0.34 1.49
2182 -0.00 -0.34 1.49
2183 -0.00 -0.33 1.49
2184 -0.00 -0.33 1.49
2185 -0.00 -0.33 1.49
2186 -0.00 -0.33 1.49
2187 -0.00 -0.33 1.49
2188 -0.00 -0.32 1.49
2189 -0.00 -0.32 1.49
2190 0.00 -0.32 1.49
2191 0.00 -0.32 1.49
2192 0.00 -0.32 1.49
2193 0.00 -0.31 1.49
2194 0.00 -0.31 1.49
2195 0.00 -0.31 1.49
2196 0.00 -0.31 1.49
2197 0.00 -0.31 1.49
2198 0.00 -0.30 1.49
2199 0.00 -0.30 1.49
2200 0.00 -0.30 1.49
2201 0.00 -0.30 1.49
2202 0.00 -0.30 1.49
2203 0.00 -0.29 1.49
2204 0.00 -0.29 1.49
2205 0.00 -0.29 1.49
2206 0.00 -0.29 1.49
2207 0.00 -0.29 1.49
2208 0.00 -0.28 1.49
2209 0.00 -0.28 1.49
2210 0.00 -0.28 1.49
2211 0.00 -0.28 1.49
2212 0.00 -0.28 1.49
2213 0.00 -0.27 1.49
2214 0.00 -0.27 1.49
2215 0.00 -0.27 1.49
2216 0.00 -0.27 1.49
2217 0.00 -0.27 1.49
2218 0.00 -0.26 1.49
2219 0.01 -0.26 1.49
2220 0.01 -0.26 1.49
2221 0.01 -0.26 1.49
2222 0.01 -0.26 1.49
2223 0.01 -0.25 1.49
2224 0.01 -0.25 1.49
2225 0.01 -0.25 1.49
2226 0.01 -0.25 1.49
2227 0.01 -0.25 1.49
2228 0.01 -0.24 1.49
2229 0.01 -0.24 1.49
2230 0.01 -0.24 1.49
2231 0.01 -0.24 1.49
2232 0.01 -0.24 1.49
2233 0.01 -0.23 1.49
2234 0.01 -0.23 1.49
2235 0.01 -0.23 1.49
2236 0.01 -0.23 1.49
2237 0.01 -0.23 1.49
2238 0.01 -0.22 1.49
2239 0.01 -0.22 1.49
2240 0.01 -0.22 1.49
2241 0.01 -0.22 1.49
2242 0.01 -0.22 1.49
2243 0.01 -0.21 1.49
2244 0.01 -0.21 1.49
2245 0.01 -0.21 1.49
2246 0.01 -0.21 1.49
2247 0.01 -0.21 1.49
2248 0.01 -0.20 1.49
2249 0.01 -0.20 1.49
2250 0.01 -0.20 1.49
2251 0.01 -0.20 1.49
2252 0.01 -0.20 1.49
2253 0.01 -0.19 1.49
2254 0.01 -0.19 1.49
2255 0.01 -0.19 1.49
2256 0.01 -0.19 1.49
2257 0.01 -0.19 1.49
2258 0.01 -0.19 1.49
2259 0.01 -0.18 1.49
2260 0.01 -0.18 1.49
2261 0.01 -0.18 1.49
2262 0.01 -0.18 1.49
2263 0.01 -0.18 1.49
2264 0.01 -0.17 1.49
2265 0.01 -0.17 1.49
2266 0.01 -0.17 1.49
2267 0.01 -0.17 1.49
2268 0.01 -0.17 1.49
2269 0.01 -0.16 1.49
2270 0.01 -0.16 1.49
2271 0.01 -0.16 1.49
2272 0.01 -0.16 1.49
2273 0.01 -0.16 1.49
2274 0.01 -0.15 1.49
2275 0.01 -0.15 1.49
2276 0.01 -0.15 1.49
2277 0.01 -0.15 1.49
2278 0.02 -0.15 1.49
2279 0.02 -0.14 1.49
2280 0.02 -0.14 1.49
2281 0.02 -0.14 1.49
2282 0.02 -0.14 1.49
2283 0.02 -0.14 1.49
2284 0.02 -0.13 1.49
2285 0.02 -0.13 1.49
2286 0.02 -0.13 1.49
2287 0.02 -0.13 1.49
2288 0.02 -0.13 1.49
2289 0.02 -0.12 1.49
2290 0.02 -0.12 1.49
2291 0.02 -0.12 1.49
2292 0.02 -0.12 1.49
2293 0.02 -0.12 1.49
2294 0.02 -0.11 1.49
2295 0.02 -0.11 1.49
2296 0.02 -0.11 1.49
2297 0.02 -0.11 1.49
2298 0.02 -0.11 1.49
2299 0.02 -0.10 1.49
2300 0.02 -0.10 1.49
2301 0.02 -0.10 1.49
2302 0.02 -0.10 1.49
2303 0.02 -0.10 1.49
2304 0.02 -0.09 1.49
2305 0.02 -0.09 1.49
2306 0.02 -0.09 1.49
2307 0.02 -0.09 1.49
2308 0.02 -0.09 1.49
2309 0.02 -0.08 1.49
2310 0.02 -0.08 1.49
2311 0.02 -0.08 1.49
2312 0.02 -0.08 1.49
2313 0.02 -0.08 1.49
2314 0.02 -0.07 1.49
2315 0.02 -0.07 1.49
2316 0.02 -0.07 1.49
2317 0.02 -0.07 1.49
2318 0.02 -0.07 1.49
2319 0.02 -0.06 1.49
2320 0.02 -0.06 1.49
2321 0.02 -0.06 1.49
2322 0.02 -0.06 1.49
2323 0.02 -0.06 1.49
2324 0.02 -0.05 1.49
2325 0.02 -0.05 1.49
2326 0.02 -0.05 1.49
2327 0.02 -0.05 1.49
2328 0.02 -0.05 1.49
2329 0.02 -0.04 1.49
2330 0.02 -0.04 1.49
2331 0.02 -0.04 1.49
2332 0.02 -0.04 1.49
2333 0.02 -0.04 1.49
2334 0.02 -0.03 1.49
2335 0.02 -0.03 1.49
2336 0.02 -0.03 1.49
2337 0.03 -0.03 1.49
2338 0.03 -0.03 1.49
2339 0.03 -0.02 1.49
2340 0.03 -0.02 1.49
2341 0.03 -0.02 1.49
2342 0.03 -0.02 1.49
2343 0.03 -0.02 1.49
2344 0.03 -0.01 1.49
2345 0.03 -0.01 1.49
2346 0.03 -0.01 1.49
2347 0.03 -0.01 1.49
2348 0.03 -0.01 1.49
2349 0.03 -0.00 1.49
2350 0.03 -0.00 1.49
2351 0.03 0.00 1.49
2352 0.03 0.00 1.49
2353 0.03 0.00 1.49
2354 0.03 0.01 1.49
2355 0.03 0.01 1.49
2356 0.03 0.01 1.49
2357 0.03 0.01 1.49
2358 0.03 0.01 1.49
2359 0.03 0.02 1.49
2360 0.03 0.02 1.49
2361 0.03 0.02 1.49
2362 0.03 0.02 1.49
2363 0.03 0.02 1.49
2364 0.03 0.03 1.49
2365 0.03 0.03 1.49
2366 0.03 0.03 1.49
2367 0.03 0.03 1.49
2368 0.03 0.03 1.49
2369 0.03 0.04 1.49
2370 0.03 0.04 1.49
2371 0.03 0.04 1.49
2372 0.03 0.04 1.49
2373 0.03 0.04 1.49
2374 0.03 0.04 1.49
2375 0.03 0.04 1.49
2376 0.03 0.05 1.49
2377 0.03 0.05 1.49
2378 0.03 0.05 1.49
2379 0.03 0.05 1.49
2380 0.03 0.05 1.49
2381 0.03 0.05 1.49
2382 0.03 0.05 1.49
2383 0.03 0.05 1.49
2384 0.03 0.05 1.49
2385 0.03 0.05 1.49
2386 0.03 0.06 1.49
2387 0.03 0.06 1.49
2388 0.03 0.06 1.49
2389 0.03 0.06 1.49
2390 0.03 0.06 1.49
2391 0.03 0.06 1.49
2392 0.03 0.06 1.49
2393 0.03 0.06 1.49
2394 0.03 0.06 1.49
2395 0.03 0.06 1.47
2396 0.03 0.06 1.46
2397 0.03 0.06 1.44
2398 0.03 0.06 1.42
2399 0.03 0.06 1.41
2400 0.03 0.06 1.39
2401 0.03 0.06 1.38
2402 0.03 0.06 1.36
2403 0.03 0.06 1.35
2404 0.03 0.06 1.33
2405 0.03 0.06 1.31
2406 0.03 0.06 1.30
2407 0.03 0.06 1.28
2408 0.03 0.06 1.27
2409 0.03 0.06 1.25
2410 0.03 0.06 1.24
2411 0.03 0.06 1.22
2412 0.03 0.06 1.20
2413 0.03 0.06 1.19
2414 0.03 0.06 1.17
2415 0.03 0.06 1.16
2416 0.03 0.06 1.14
2417 0.03 0.06 1.13
2418 0.03 0.06 1.11
2419 0.03 0.06 1.10
2420 0.03 0.06 1.08
2421 0.03 0.06 1.06
2422 0.03 0.06 1.05
2423 0.03 0.06 1.03
2424 0.03 0.06 1.02
2425 0.03 0.06 1.00
2426 0.03 0.06 0.99
2427 0.03 0.06 0.97
2428 0.03 0.06 0.96
2429 0.03 0.06 0.94
2430 0.03 0.06 0.92
2431 0.03 0.06 0.91
2432 0.03 0.06 0.89
2433 0.03 0.06 0.88
2434 0.03 0.06 0.86
2435 0.03 0.06 0.85
2436 0.03 0.06 0.83
2437 0.03 0.06 0.81
2438 0.03 0.06 0.80
2439 0.03 0.06 0.78
2440 0.03 0.06 0.77
2441 0.03 0.06 0.75
2442 0.03 0.06 0.74
2443 0.03 0.06 0.72
2444 0.03 0.06 0.71
2445 0.03 0.06 0.69
2446 0.03 0.06 0.67
2447 0.03 0.06 0.66
2448 0.03 0.06 0.64
2449 0.03 0.06 0.63
2450 0.03 0.06 0.61
2451 0.03 0.06 0.60
2452 0.03 0.06 0.58
2453 0.03 0.06 0.56
2454 0.03 0.06 0.55
2455 0.03 0.06 0.53
2456 0.03 0.06 0.52
2457 0.03 0.06 0.50
2458 0.03 0.06 0.49
2459 0.03 0.06 0.47
2460 0.03 0.06 0.45
2461 0.03 0.06 0.44
2462 0.03 0.06 0.42
2463 0.03 0.06 0.41
2464 0.03 0.06 0.39
2465 0.03 0.06 0.38
2466 0.03 0.06 0.36
2467 0.03 0.06 0.35
2468 0.03 0.06 0.33
2469 0.03 0.06 0.31
2470 0.03 0.06 0.30
2471 0.03 0.06 0.28
2472 0.03 0.06 0.27
2473 0.03 0.06 0.25
2474 0.03 0.06 0.24
2475 0.03 0.06 0.22
2476 0.03 0.06 0.21
2477 0.03 0.06 0.19
2478 0.03 0.06 0.17
2479 0.03 0.06 0.16
2480 0.03 0.06 0.14
2481 0.03 0.06 0.13
2482 0.03 0.06 0.11
2483 0.03 0.06 0.10
2484 0.03 0.06 0.08
2485 0.03 0.06 0.06
2486 0.03 0.06 0.05
2487 0.03 0.06 0.03
2488 0.03 0.06 0.02
2489 0.03 0.06 0.00
2490 0.03 0.06 -0.01
2491 0.03 0.06 -0.03
2492 0.03 0.06 -0.04
2493 0.03 0.06 -0.06
2494 0.03 0.06 -0.08
2495 0.03 0.06 -0.09
