0 0.00 0.00 0.00
1 0.00 0.00 0.00
2 0.00 0.00 0.00
3 0.00 0.00 0.00
4 0.00 0.00 0.00
5 0.00 0.00 0.00
6 0.00 0.00 0.00
7 0.00 0.00 0.00
8 0.00 0.00 0.00
9 0.00 0.00 0.00
10 0.00 0.00 0.00
11 0.00 0.00 0.00
12 0.00 0.00 0.00
13 0.00 0.00 0.00
14 0.00 0.00 0.00
15 0.00 0.00 0.00
16 0.00 0.00 0.00
17 0.00 0.00 0.00
18 0.01 0.00 0.00
19 0.01 0.00 0.00
20 0.01 0.00 0.00
21 0.01 0.00 0.00
22 0.01 0.00 0.00
23 0.01 0.00 0.00
24 0.01 0.00 0.00
25 0.01 0.00 0.00
26 0.01 0.00 0.00
27 0.01 0.00 0.00
28 0.02 0.00 0.00
29 0.02 0.00 0.00
30 0.02 0.00 0.00
31 0.02 0.00 0.00
32 0.02 0.00 0.00
33 0.02 0.00 0.00
34 0.02 0.00 0.00
35 0.03 0.00 0.00
36 0.03 0.00 0.00
37 0.03 0.00 0.00
38 0.03 0.00 0.00
39 0.03 0.00 0.00
40 0.03 0.00 0.00
41 0.04 0.00 0.00
42 0.04 0.00 0.00
43 0.04 0.00 0.00
44 0.04 0.00 0.00
45 0.04 0.00 0.00
46 0.05 0.00 0.00
47 0.05 0.00 0.00
48 0.05 0.00 0.00
49 0.05 0.00 0.00
50 0.05 0.00 0.00
51 0.06 0.00 0.00
52 0.06 0.00 0.00
53 0.06 0.00 0.00
54 0.06 0.00 0.00
55 0.06 0.00 0.00
56 0.07 0.00 0.00
57 0.07 0.00 0.00
58 0.07 0.00 0.00
59 0.07 0.00 0.00
60 0.07 0.00 0.00
61 0.08 0.00 0.00
62 0.08 0.00 0.00
63 0.08 0.00 0.00
64 0.08 0.00 0.00
65 0.08 0.00 0.00
66 0.09 0.00 0.00
67 0.09 0.00 0.00
68 0.09 0.00 0.00
69 0.09 0.00 0.00
70 0.09 0.00 0.00
71 0.10 0.00 0.00
72 0.10 0.00 0.00
73 0.10 0.00 0.00
74 0.10 0.00 0.00
75 0.10 0.00 0.00
76 0.11 0.00 0.00
77 0.11 0.00 0.00
78 0.11 0.00 0.00
79 0.11 0.00 0.00
80 0.11 0.00 0.00
81 0.12 0.00 0.00
82 0.12 0.00 0.00
83 0.12 0.00 0.00
84 0.12 0.00 0.00
85 0.12 0.00 0.00
86 0.13 0.00 0.00
87 0.13 0.00 0.00
88 0.13 0.00 0.00
89 0.13 0.00 0.00
90 0.13 0.00 0.00
91 0.14 0.00 0.00
92 0.14 0.00 0.00
93 0.14 0.00 0.00
94 0.14 0.00 0.00
95 0.14 0.00 0.00
96 0.15 0.00 0.00
97 0.15 0.00 0.00
98 0.15 0.00 0.00
99 0.15 0.00 0.00
100 0.15 0.00 0.00
101 0.16 0.00 0.00
102 0.16 0.00 0.00
103 0.16 0.00 0.00
104 0.16 0.00 0.00
105 0.16 0.00 0.00
106 0.17 0.00 0.00
107 0.17 0.00 0.00
108 0.17 0.00 0.00
109 0.17 0.00 0.00
110 0.17 0.00 0.00
111 0.18 0.00 0.00
112 0.18 0.00 0.00
113 0.18 0.00 0.00
114 0.18 0.00 0.00
115 0.19 0.00 0.00
116 0.19 0.00 0.00
117 0.19 0.00 0.00
118 0.19 0.00 0.00
119 0.19 0.00 0.00
120 0.20 0.00 0.00
121 0.20 0.00 0.00
122 0.20 0.00 0.00
123 0.20 0.00 0.00
124 0.20 0.00 0.00
125 0.21 0.00 0.00
126 0.21 0.00 0.00
127 0.21 0.00 0.00
128 0.21 0.00 0.00
129 0.21 0.00 0.00
130 0.22 0.00 0.00
131 0.22 0.00 0.00
132 0.22 0.00 0.00
133 0.22 0.00 0.00
134 0.22 0.00 0.00
135 0.23 0.00 0.00
136 0.23 0.00 0.00
137 0.23 0.00 0.00
138 0.23 0.00 0.00
139 0.23 0.00 0.00
140 0.24 0.00 0.00
141 0.24 0.00 0.00
142 0.24 0.00 0.00
143 0.24 0.00 0.00
144 0.24 0.00 0.00
145 0.25 0.00 0.00
146 0.25 0.00 0.00
147 0.25 0.00 0.00
148 0.25 0.00 0.00
149 0.25 0.00 0.00
150 0.26 0.00 0.00
151 0.26 0.00 0.00
152 0.26 0.00 0.00
153 0.26 0.00 0.00
154 0.26 0.00 0.00
155 0.27 0.00 0.00
156 0.27 0.00 0.00
157 0.27 0.00 0.00
158 0.27 0.00 0.00
159 0.27 0.00 0.00
160 0.28 0.00 0.00
161 0.28 0.00 0.00
162 0.28 0.00 0.00
163 0.28 0.00 0.00
164 0.28 0.00 0.00
165 0.29 0.00 0.00
166 0.29 0.00 0.00
167 0.29 0.00 0.00
168 0.29 0.00 0.00
169 0.29 0.00 0.00
170 0.30 0.00 0.00
171 0.30 0.00 0.00
172 0.30 0.00 0.00
173 0.30 0.00 0.00
174 0.30 0.00 0.00
175 0.31 0.00 0.00
176 0.31 0.00 0.00
177 0.31 0.00 0.00
178 0.31 0.00 0.00
179 0.31 0.00 0.00
180 0.32 0.00 0.00
181 0.32 0.00 0.00
182 0.32 0.00 0.00
183 0.32 0.00 0.00
184 0.32 0.00 0.00
185 0.33 0.00 0.00
186 0.33 0.00 0.00
187 0.33 0.00 0.00
188 0.33 0.00 0.00
189 0.33 0.00 0.00
190 0.34 0.00 0.00
191 0.34 0.00 0.00
192 0.34 0.00 0.00
193 0.34 0.00 0.00
194 0.34 0.00 0.00
195 0.35 0.00 0.00
196 0.35 0.00 0.00
197 0.35 0.00 0.00
198 0.35 0.00 0.00
199 0.35 0.00 0.00
200 0.36 0.00 0.00
201 0.36 0.00 0.00
202 0.36 0.00 0.00
203 0.36 0.00 0.00
204 0.36 0.00 0.00
205 0.37 0.00 0.00
206 0.37 0.00 0.00
207 0.37 0.00 0.00
208 0.37 0.00 0.00
209 0.37 0.00 0.00
210 0.38 0.00 0.00
211 0.38 0.00 0.00
212 0.38 0.00 0.00
213 0.38 0.00 0.00
214 0.38 0.00 0.00
215 0.39 0.00 0.00
216 0.39 0.00 0.00
217 0.39 0.00 0.00
218 0.39 0.00 0.00
219 0.39 0.00 0.00
220 0.40 0.00 0.00
221 0.40 0.00 0.00
222 0.40 0.00 0.00
223 0.40 0.00 0.00
224 0.40 0.00 0.00
225 0.41 0.00 0.00
226 0.41 0.00 0.00
227 0.41 0.00 0.00
228 0.41 0.00 0.00
229 0.41 0.00 0.00
230 0.42 0.00 0.00
231 0.42 0.00 0.00
232 0.42 0.00 0.00
233 0.42 0.00 0.00
234 0.42 0.00 0.00
235 0.43 0.00 0.00
236 0.43 0.00 0.00
237 0.43 0.00 0.00
238 0.43 0.00 0.00
239 0.43 0.00 0.00
240 0.44 0.00 0.00
241 0.44 0.00 0.00
242 0.44 0.00 0.00
243 0.44 0.00 0.00
244 0.44 0.00 0.00
245 0.45 0.00 0.00
246 0.45 0.00 0.00
247 0.45 0.00 0.00
248 0.45 0.00 0.00
249 0.45 0.00 0.00
250 0.46 0.00 0.00
251 0.46 0.00 0.00
252 0.46 0.00 0.00
253 0.46 0.00 0.00
254 0.46 0.00 0.00
255 0.47 0.00 0.00
256 0.47 0.00 0.00
257 0.47 0.00 0.00
258 0.47 0.00 0.00
259 0.47 0.00 0.00
260 0.48 0.00 0.00
261 0.48 0.00 0.00
262 0.48 0.00 0.00
263 0.48 0.00 0.00
264 0.48 0.00 0.00
265 0.49 0.00 0.00
266 0.49 0.00 0.00
267 0.49 0.00 0.00
268 0.49 0.00 0.00
269 0.49 0.00 0.00
270 0.50 0.00 0.00
271 0.50 0.00 0.00
272 0.50 0.00 0.00
273 0.50 0.00 0.00
274 0.50 0.00 0.00
275 0.51 0.00 0.00
276 0.51 0.00 0.00
277 0.51 0.00 0.00
278 0.51 0.00 0.00
279 0.51 0.00 0.00
280 0.52 0.00 0.00
281 0.52 0.00 0.00
282 0.52 0.00 0.00
283 0.52 0.00 0.00
284 0.52 0.00 0.00
285 0.53 0.00 0.00
286 0.53 0.00 0.00
287 0.53 0.00 0.00
288 0.53 0.00 0.00
289 0.53 0.00 0.00
290 0.54 0.00 0.00
291 0.54 0.00 0.00
292 0.54 0.00 0.00
293 0.54 0.00 0.00
294 0.54 0.00 0.00
295 0.55 0.00 0.00
296 0.55 0.00 0.00
297 0.55 0.00 0.00
298 0.55 0.00 0.00
299 0.55 0.00 0.00
300 0.56 0.00 0.00
301 0.56 0.00 0.00
302 0.56 0.00 0.00
303 0.56 0.00 0.00
304 0.56 0.00 0.00
305 0.57 0.00 0.00
306 0.57 0.00 0.00
307 0.57 0.00 0.00
308 0.57 0.00 0.00
309 0.57 0.00 0.00
310 0.58 0.00 0.00
311 0.58 0.00 0.00
312 0.58 0.00 0.00
313 0.58 0.00 0.00
314 0.58 0.00 0.00
315 0.59 0.00 0.00
316 0.59 0.00 0.00
317 0.59 0.00 0.00
318 0.59 0.00 0.00
319 0.59 0.00 0.00
320 0.60 0.00 0.00
321 0.60 0.00 0.00
322 0.60 0.00 0.00
323 0.60 0.00 0.00
324 0.60 0.00 0.00
325 0.61 0.00 0.00
326 0.61 0.00 0.00
327 0.61 0.00 0.00
328 0.61 0.00 0.00
329 0.61 0.00 0.00
330 0.62 0.00 0.00
331 0.62 0.00 0.00
332 0.62 0.00 0.00
333 0.62 0.00 0.00
334 0.62 0.00 0.00
335 0.63 0.00 0.00
336 0.63 0.00 0.00
337 0.63 0.00 0.00
338 0.63 0.00 0.00
339 0.63 0.00 0.00
340 0.64 0.00 0.00
341 0.64 0.00 0.00
342 0.64 0.00 0.00
343 0.64 0.00 0.00
344 0.64 0.00 0.00
345 0.65 0.00 0.00
346 0.65 0.00 0.00
347 0.65 0.00 0.00
348 0.65 0.00 0.00
349 0.65 0.00 0.00
350 0.66 0.00 0.00
351 0.66 0.00 0.00
352 0.66 0.00 0.00
353 0.66 0.00 0.00
354 0.66 0.00 0.00
355 0.67 0.00 0.00
356 0.67 0.00 0.00
357 0.67 0.00 0.00
358 0.67 0.00 0.00
359 0.67 0.00 0.00
360 0.68 0.00 0.00
361 0.68 0.00 0.00
362 0.68 0.00 0.00
363 0.68 0.00 0.00
364 0.68 0.00 0.00
365 0.69 0.00 0.00
366 0.69 0.00 0.00
367 0.69 0.00 0.00
368 0.69 0.00 0.00
369 0.69 0.00 0.00
370 0.70 0.00 0.00
371 0.70 0.00 0.00
372 0.70 0.00 0.00
373 0.70 0.00 0.00
374 0.70 0.00 0.00
375 0.71 0.00 0.00
376 0.71 0.00 0.00
377 0.71 0.00 0.00
378 0.71 0.00 0.00
379 0.71 0.00 0.00
380 0.72 0.00 0.00
381 0.72 0.00 0.00
382 0.72 0.00 0.00
383 0.72 0.00 0.00
384 0.72 0.00 0.00
385 0.73 0.00 0.00
386 0.73 0.00 0.00
387 0.73 0.00 0.00
388 0.73 0.00 0.00
389 0.73 0.00 0.00
390 0.74 0.00 0.00
391 0.74 0.00 0.00
392 0.74 0.00 0.00
393 0.74 0.00 0.00
394 0.74 0.00 0.00
395 0.75 0.00 0.00
396 0.75 0.00 0.00
397 0.75 0.00 0.00
398 0.75 0.00 0.00
399 0.75 0.00 0.00
400 0.76 0.00 0.00
401 0.76 0.00 0.00
402 0.76 0.00 0.00
403 0.76 0.00 0.00
404 0.76 0.00 0.00
405 0.77 0.00 0.00
406 0.77 0.00 0.00
407 0.77 0.00 0.00
408 0.77 0.00 0.00
409 0.77 0.00 0.00
410 0.78 0.00 0.00
411 0.78 0.00 0.00
412 0.78 0.00 0.00
413 0.78 0.00 0.00
414 0.78 0.00 0.00
415 0.79 0.00 0.00
416 0.79 0.00 0.00
417 0.79 0.00 0.00
418 0.79 0.00 0.00
419 0.79 0.00 0.00
420 0.80 0.00 0.00
421 0.80 0.00 0.00
422 0.80 0.00 0.00
423 0.80 0.00 0.00
424 0.80 0.00 0.00
425 0.81 0.00 0.00
426 0.81 0.00 0.00
427 0.81 0.00 0.00
428 0.81 0.00 0.00
429 0.81 0.00 0.00
430 0.82 0.00 0.00
431 0.82 0.00 0.00
432 0.82 0.00 0.00
433 0.82 0.00 0.00
434 0.82 0.00 0.00
435 0.83 0.00 0.00
436 0.83 0.00 0.00
437 0.83 0.00 0.00
438 0.83 0.00 0.00
439 0.83 0.00 0.00
440 0.84 0.00 0.00
441 0.84 0.00 0.00
442 0.84 0.00 0.00
443 0.84 0.00 0.00
444 0.84 0.00 0.00
445 0.85 0.00 0.00
446 0.85 0.00 0.00
447 0.85 0.00 0.00
448 0.85 0.00 0.00
449 0.85 0.00 0.00
450 0.86 0.00 0.00
451 0.86 0.00 0.00
452 0.86 0.00 0.00
453 0.86 0.00 0.00
454 0.86 0.00 0.00
455 0.87 0.00 0.00
456 0.87 0.00 0.00
457 0.87 0.00 0.00
458 0.87 0.00 0.00
459 0.87 0.00 0.00
460 0.88 0.00 0.00
461 0.88 0.00 0.00
462 0.88 0.00 0.00
463 0.88 0.00 0.00
464 0.88 0.00 0.00
465 0.89 0.00 0.00
466 0.89 0.00 0.00
467 0.89 0.00 0.00
468 0.89 0.00 0.00
469 0.89 0.00 0.00
470 0.90 0.00 0.00
471 0.90 0.00 0.00
472 0.90 0.00 0.00
473 0.90 0.00 0.00
474 0.90 0.00 0.00
475 0.91 0.00 0.00
476 0.91 0.00 0.00
477 0.91 0.00 0.00
478 0.91 0.00 0.00
479 0.91 0.00 0.00
480 0.92 0.00 0.00
481 0.92 0.00 0.00
482 0.92 0.00 0.00
483 0.92 0.00 0.00
484 0.92 0.00 0.00
485 0.93 0.00 0.00
486 0.93 0.00 0.00
487 0.93 0.00 0.00
488 0.93 0.00 0.00
489 0.93 0.00 0.00
490 0.94 0.00 0.00
491 0.94 0.00 0.00
492 0.94 0.00 0.00
493 0.94 0.00 0.00
494 0.94 0.00 0.00
495 0.95 0.00 0.00
496 0.95 0.00 0.00
497 0.95 0.00 0.00
498 0.95 0.00 0.00
499 0.95 0.00 0.00
500 0.96 0.00 0.00
501 0.96 0.00 0.00
502 0.96 0.00 0.00
503 0.96 0.00 0.00
504 0.96 0.00 0.00
505 0.97 0.00 0.00
506 0.97 0.00 0.00
507 0.97 0.00 0.00
508 0.97 0.00 0.00
509 0.97 0.00 0.00
510 0.97 0.00 0.00
511 0.98 0.00 0.00
512 0.98 0.00 0.00
513 0.98 0.00 0.00
514 0.98 0.00 0.00
515 0.98 0.00 0.00
516 0.98 0.00 0.00
517 0.99 0.00 0.00
518 0.99 0.00 0.00
519 0.99 0.00 0.00
520 0.99 0.00 0.00
521 0.99 0.00 0.00
522 0.99 0.00 0.00
523 0.99 0.00 0.00
524 0.99 0.00 0.00
525 0.99 0.00 0.00
526 1.00 0.00 0.00
527 1.00 0.00 0.00
528 1.00 0.00 0.00
529 1.00 0.00 0.00
530 1.00 0.00 0.00
531 1.00 0.00 0.00
532 1.00 0.00 0.00
533 1.00 0.00 0.00
534 1.00 0.00 0.00
535 1.00 0.00 0.00
536 1.00 0.00 0.00
537 1.00 0.00 0.00
538 1.00 0.00 0.00
539 1.00 0.00 0.01
540 1.00 0.00 0.01
541 1.00 0.00 0.02
542 1.00 0.00 0.02
543 1.00 0.00 0.03
544 1.00 0.00 0.03
545 1.00 0.00 0.04
546 1.00 0.00 0.05
547 1.00 0.00 0.06
548 1.00 0.00 0.06
549 1.00 0.00 0.07
550 1.00 0.00 0.08
551 1.00 0.00 0.09
552 1.00 0.00 0.10
553 1.00 0.00 0.11
554 1.00 0.00 0.12
555 1.00 0.00 0.13
556 1.00 0.00 0.14
557 1.00 0.00 0.15
558 1.00 0.00 0.17
559 1.00 0.00 0.18
560 1.00 0.00 0.19
561 1.00 0.00 0.20
562 1.00 0.00 0.22
563 1.00 0.00 0.23
564 1.00 0.00 0.25
565 1.00 0.00 0.26
566 1.00 0.00 0.27
567 1.00 0.00 0.29
568 1.00 0.00 0.31
569 1.00 0.00 0.32
570 1.00 0.00 0.34
571 1.00 0.00 0.35
572 1.00 0.00 0.37
573 1.00 0.00 0.38
574 1.00 0.00 0.40
575 1.00 0.00 0.41
576 1.00 0.00 0.43
577 1.00 0.00 0.45
578 1.00 0.00 0.46
579 1.00 0.00 0.48
580 1.00 0.00 0.49
581 1.00 0.00 0.51
582 1.00 0.00 0.52
583 1.00 0.00 0.54
584 1.00 0.00 0.56
585 1.00 0.00 0.57
586 1.00 0.00 0.59
587 1.00 0.00 0.60
588 1.00 0.00 0.62
589 1.00 0.00 0.63
590 1.00 0.00 0.65
591 1.00 0.00 0.67
592 1.00 0.00 0.68
593 1.00 0.00 0.70
594 1.00 0.00 0.71
595 1.00 0.00 0.73
596 1.00 0.00 0.74
597 1.00 0.00 0.76
598 1.00 0.00 0.77
599 1.00 0.00 0.79
600 1.00 0.00 0.81
601 1.00 0.00 0.82
602 1.00 0.00 0.84
603 1.00 0.00 0.85
604 1.00 0.00 0.87
605 1.00 0.00 0.88
606 1.00 0.00 0.90
607 1.00 0.00 0.92
608 1.00 0.00 0.93
609 1.00 0.00 0.95
610 1.00 0.00 0.96
611 1.00 0.00 0.98
612 1.00 0.00 0.99
613 1.00 0.00 1.01
614 1.00 0.00 1.02
615 1.00 0.00 1.04
616 1.00 0.00 1.06
617 1.00 0.00 1.07
618 1.00 0.00 1.09
619 1.00 0.00 1.10
620 1.00 0.00 1.12
621 1.00 0.00 1.13
622 1.00 0.00 1.15
623 1.00 0.00 1.17
624 1.00 0.00 1.18
625 1.00 0.00 1.20
626 1.00 0.00 1.21
627 1.00 0.00 1.23
628 1.00 0.00 1.24
629 1.00 0.00 1.26
630 1.00 0.00 1.27
631 1.00 0.00 1.29
632 1.00 0.00 1.31
633 1.00 0.00 1.32
634 1.00 0.00 1.34
635 1.00 0.00 1.35
636 1.00 0.00 1.37
637 1.00 0.00 1.38
638 1.00 0.00 1.40
639 1.00 0.00 1.42
640 1.00 0.00 1.43
641 1.00 0.00 1.45
642 1.00 0.00 1.46
643 1.00 0.00 1.48
644 1.00 0.00 1.49
645 1.00 0.00 1.50
646 1.00 0.00 1.52
647 1.00 0.00 1.53
648 1.00 0.00 1.54
649 1.00 0.00 1.56
650 1.00 0.00 1.57
651 1.00 0.00 1.58
652 1.00 0.00 1.59
653 1.00 0.00 1.60
654 1.00 0.00 1.60
655 1.00 0.00 1.61
656 1.00 0.00 1.61
657 1.00 0.00 1.61
658 1.00 0.00 1.61
659 1.00 0.01 1.61
660 1.00 0.01 1.61
661 1.00 0.01 1.61
662 1.00 0.01 1.61
663 1.00 0.01 1.61
664 1.00 0.02 1.61
665 1.00 0.02 1.61
666 1.00 0.02 1.61
667 1.00 0.02 1.61
668 1.00 0.02 1.61
669 1.00 0.03 1.61
670 1.00 0.03 1.61
671 1.00 0.03 1.61
672 1.00 0.03 1.61
673 1.00 0.03 1.61
674 1.00 0.03 1.61
675 1.00 0.04 1.61
676 1.00 0.04 1.61
677 1.00 0.04 1.61
678 1.00 0.04 1.61
679 1.00 0.05 1.61
680 1.00 0.05 1.61
681 1.00 0.05 1.61
682 1.00 0.05 1.61
683 1.00 0.05 1.61
684 1.00 0.05 1.61
685 1.00 0.06 1.61
686 1.00 0.06 1.61
687 1.00 0.06 1.61
688 1.00 0.06 1.61
689 1.00 0.06 1.61
690 1.00 0.07 1.61
691 1.00 0.07 1.61
692 1.00 0.07 1.61
693 1.00 0.07 1.61
694 1.00 0.07 1.61
695 1.00 0.08 1.61
696 1.00 0.08 1.61
697 1.00 0.08 1.61
698 1.00 0.08 1.61
699 1.00 0.08 1.61
700 1.00 0.09 1.61
701 1.00 0.09 1.61
702 1.00 0.09 1.61
703 1.00 0.09 1.61
704 1.00 0.09 1.61
705 1.00 0.10 1.61
706 1.00 0.10 1.61
707 1.00 0.10 1.61
708 1.00 0.10 1.61
709 1.00 0.10 1.61
710 1.00 0.11 1.61
711 1.00 0.11 1.61
712 1.00 0.11 1.61
713 1.00 0.11 1.61
714 1.00 0.11 1.61
715 1.00 0.12 1.61
716 1.00 0.12 1.61
717 1.00 0.12 1.61
718 1.00 0.12 1.61
719 1.00 0.12 1.61
720 1.00 0.13 1.61
721 1.00 0.13 1.61
722 1.00 0.13 1.61
723 1.00 0.13 1.61
724 1.00 0.13 1.61
725 1.00 0.14 1.61
726 1.00 0.14 1.61
727 1.00 0.14 1.61
728 1.00 0.14 1.61
729 1.00 0.14 1.61
730 1.00 0.15 1.61
731 1.00 0.15 1.61
732 1.00 0.15 1.61
733 0.99 0.15 1.61
734 0.99 0.15 1.61
735 0.99 0.16 1.61
736 0.99 0.16 1.61
737 0.99 0.16 1.61
738 0.99 0.16 1.61
739 0.99 0.16 1.61
740 0.99 0.17 1.61
741 0.99 0.17 1.61
742 0.99 0.17 1.61
743 0.99 0.17 1.61
744 0.99 0.17 1.61
745 0.99 0.18 1.61
746 0.99 0.18 1.61
747 0.99 0.18 1.61
748 0.99 0.18 1.61
749 0.99 0.18 1.61
750 0.99 0.19 1.61
751 0.99 0.19 1.61
752 0.99 0.19 1.61
753 0.99 0.19 1.61
754 0.99 0.19 1.61
755 0.99 0.20 1.61
756 0.99 0.20 1.61
757 0.99 0.20 1.61
758 0.99 0.20 1.61
759 0.99 0.20 1.61
760 0.99 0.21 1.61
761 0.99 0.21 1.61
762 0.99 0.21 1.61
763 0.99 0.21 1.61
764 0.99 0.21 1.61
765 0.99 0.22 1.61
766 0.99 0.22 1.61
767 0.99 0.22 1.61
768 0.99 0.22 1.61
769 0.99 0.22 1.61
770 0.99 0.23 1.61
771 0.99 0.23 1.61
772 0.99 0.23 1.61
773 0.99 0.23 1.61
774 0.99 0.23 1.61
775 0.99 0.24 1.61
776 0.99 0.24 1.61
777 0.99 0.24 1.61
778 0.99 0.24 1.61
779 0.99 0.24 1.61
780 0.99 0.25 1.61
781 0.99 0.25 1.61
782 0.99 0.25 1.61
783 0.99 0.25 1.61
784 0.99 0.25 1.61
785 0.99 0.26 1.61
786 0.99 0.26 1.61
787 0.99 0.26 1.61
788 0.99 0.26 1.61
789 0.99 0.26 1.61
790 0.99 0.27 1.61
791 0.99 0.27 1.61
792 0.99 0.27 1.61
793 0.99 0.27 1.61
794 0.99 0.27 1.61
795 0.99 0.28 1.61
796 0.99 0.28 1.61
797 0.99 0.28 1.61
798 0.99 0.28 1.61
799 0.99 0.28 1.61
800 0.99 0.29 1.61
801 0.99 0.29 1.61
802 0.99 0.29 1.61
803 0.99 0.29 1.61
804 0.99 0.29 1.61
805 0.99 0.30 1.61
806 0.99 0.30 1.61
807 0.99 0.30 1.61
808 0.99 0.30 1.61
809 0.99 0.30 1.61
810 0.99 0.31 1.61
811 0.99 0.31 1.61
812 0.99 0.31 1.61
813 0.99 0.31 1.61
814 0.99 0.31 1.61
815 0.99 0.32 1.61
816 0.99 0.32 1.61
817 0.99 0.32 1.61
818 0.99 0.32 1.61
819 0.99 0.32 1.61
820 0.99 0.33 1.61
821 0.99 0.33 1.61
822 0.99 0.33 1.61
823 0.99 0.33 1.61
824 0.99 0.33 1.61
825 0.99 0.34 1.61
826 0.99 0.34 1.61
827 0.99 0.34 1.61
828 0.99 0.34 1.61
829 0.99 0.34 1.61
830 0.99 0.35 1.61
831 0.99 0.35 1.61
832 0.99 0.35 1.61
833 0.99 0.35 1.61
834 0.99 0.35 1.61
835 0.99 0.36 1.61
836 0.99 0.36 1.61
837 0.99 0.36 1.61
838 0.99 0.36 1.61
839 0.99 0.36 1.61
840 0.99 0.37 1.61
841 0.99 0.37 1.61
842 0.99 0.37 1.61
843 0.99 0.37 1.61
844 0.99 0.37 1.61
845 0.99 0.38 1.61
846 0.99 0.38 1.61
847 0.99 0.38 1.61
848 0.99 0.38 1.61
849 0.99 0.38 1.61
850 0.99 0.39 1.61
851 0.99 0.39 1.61
852 0.99 0.39 1.61
853 0.98 0.39 1.61
854 0.98 0.39 1.61
855 0.98 0.40 1.61
856 0.98 0.40 1.61
857 0.98 0.40 1.61
858 0.98 0.40 1.61
859 0.98 0.40 1.61
860 0.98 0.41 1.61
861 0.98 0.41 1.61
862 0.98 0.41 1.61
863 0.98 0.41 1.61
864 0.98 0.41 1.61
865 0.98 0.42 1.61
866 0.98 0.42 1.61
867 0.98 0.42 1.61
868 0.98 0.42 1.61
869 0.98 0.42 1.61
870 0.98 0.43 1.61
871 0.98 0.43 1.61
872 0.98 0.43 1.61
873 0.98 0.43 1.61
874 0.98 0.43 1.61
875 0.98 0.44 1.61
876 0.98 0.44 1.61
877 0.98 0.44 1.61
878 0.98 0.44 1.61
879 0.98 0.44 1.61
880 0.98 0.45 1.61
881 0.98 0.45 1.61
882 0.98 0.45 1.61
883 0.98 0.45 1.61
884 0.98 0.45 1.61
885 0.98 0.46 1.61
886 0.98 0.46 1.61
887 0.98 0.46 1.61
888 0.98 0.46 1.61
889 0.98 0.46 1.61
890 0.98 0.47 1.61
891 0.98 0.47 1.61
892 0.98 0.47 1.61
893 0.98 0.47 1.61
894 0.98 0.47 1.61
895 0.98 0.48 1.61
896 0.98 0.48 1.61
897 0.98 0.48 1.61
898 0.98 0.48 1.61
899 0.98 0.48 1.61
900 0.98 0.49 1.61
901 0.98 0.49 1.61
902 0.98 0.49 1.61
903 0.98 0.49 1.61
904 0.98 0.49 1.61
905 0.98 0.50 1.61
906 0.98 0.50 1.61
907 0.98 0.50 1.61
908 0.98 0.50 1.61
909 0.98 0.50 1.61
910 0.98 0.51 1.61
911 0.98 0.51 1.61
912 0.98 0.51 1.61
913 0.98 0.51 1.61
914 0.98 0.51 1.61
915 0.98 0.52 1.61
916 0.98 0.52 1.61
917 0.98 0.52 1.61
918 0.98 0.52 1.61
919 0.98 0.52 1.61
920 0.98 0.53 1.61
921 0.98 0.53 1.61
922 0.98 0.53 1.61
923 0.98 0.53 1.61
924 0.98 0.53 1.61
925 0.98 0.54 1.61
926 0.98 0.54 1.61
927 0.98 0.54 1.61
928 0.98 0.54 1.61
929 0.98 0.54 1.61
930 0.98 0.55 1.61
931 0.98 0.55 1.61
932 0.98 0.55 1.61
933 0.98 0.55 1.61
934 0.98 0.55 1.61
935 0.98 0.56 1.61
936 0.98 0.56 1.61
937 0.98 0.56 1.61
938 0.98 0.56 1.61
939 0.98 0.56 1.61
940 0.98 0.57 1.61
941 0.98 0.57 1.61
942 0.98 0.57 1.61
943 0.98 0.57 1.61
944 0.98 0.57 1.61
945 0.98 0.58 1.61
946 0.98 0.58 1.61
947 0.98 0.58 1.61
948 0.98 0.58 1.61
949 0.98 0.58 1.61
950 0.98 0.59 1.61
951 0.98 0.59 1.61
952 0.98 0.59 1.61
953 0.98 0.59 1.61
954 0.98 0.59 1.61
955 0.98 0.60 1.61
956 0.98 0.60 1.61
957 0.98 0.60 1.61
958 0.98 0.60 1.61
959 0.98 0.60 1.61
960 0.98 0.61 1.61
961 0.98 0.61 1.61
962 0.98 0.61 1.61
963 0.98 0.61 1.61
964 0.98 0.61 1.61
965 0.98 0.62 1.61
966 0.98 0.62 1.61
967 0.98 0.62 1.61
968 0.98 0.62 1.61
969 0.98 0.62 1.61
970 0.98 0.63 1.61
971 0.98 0.63 1.61
972 0.98 0.63 1.61
973 0.97 0.63 1.61
974 0.97 0.63 1.61
975 0.97 0.64 1.61
976 0.97 0.64 1.61
977 0.97 0.64 1.61
978 0.97 0.64 1.61
979 0.97 0.64 1.61
980 0.97 0.65 1.61
981 0.97 0.65 1.61
982 0.97 0.65 1.61
983 0.97 0.65 1.61
984 0.97 0.65 1.61
985 0.97 0.66 1.61
986 0.97 0.66 1.61
987 0.97 0.66 1.61
988 0.97 0.66 1.61
989 0.97 0.66 1.61
990 0.97 0.67 1.61
991 0.97 0.67 1.61
992 0.97 0.67 1.61
993 0.97 0.67 1.61
994 0.97 0.67 1.61
995 0.97 0.68 1.61
996 0.97 0.68 1.61
997 0.97 0.68 1.61
998 0.97 0.68 1.61
999 0.97 0.68 1.61
1000 0.97 0.69 1.61
1001 0.97 0.69 1.61
1002 0.97 0.69 1.61
1003 0.97 0.69 1.61
1004 0.97 0.69 1.61
1005 0.97 0.70 1.61
1006 0.97 0.70 1.61
1007 0.97 0.70 1.61
1008 0.97 0.70 1.61
1009 0.97 0.70 1.61
1010 0.97 0.71 1.61
1011 0.97 0.71 1.61
1012 0.97 0.71 1.61
1013 0.97 0.71 1.61
1014 0.97 0.71 1.61
1015 0.97 0.72 1.61
1016 0.97 0.72 1.61
1017 0.97 0.72 1.61
1018 0.97 0.72 1.61
1019 0.97 0.72 1.61
1020 0.97 0.73 1.61
1021 0.97 0.73 1.61
1022 0.97 0.73 1.61
1023 0.97 0.73 1.61
1024 0.97 0.73 1.61
1025 0.97 0.74 1.61
1026 0.97 0.74 1.61
1027 0.97 0.74 1.61
1028 0.97 0.74 1.61
1029 0.97 0.74 1.61
1030 0.97 0.75 1.61
1031 0.97 0.75 1.61
1032 0.97 0.75 1.61
1033 0.97 0.75 1.61
1034 0.97 0.75 1.61
1035 0.97 0.76 1.61
1036 0.97 0.76 1.61
1037 0.97 0.76 1.61
1038 0.97 0.76 1.61
1039 0.97 0.76 1.61
1040 0.97 0.77 1.61
1041 0.97 0.77 1.61
1042 0.97 0.77 1.61
1043 0.97 0.77 1.61
1044 0.97 0.77 1.61
1045 0.97 0.78 1.61
1046 0.97 0.78 1.61
1047 0.97 0.78 1.61
1048 0.97 0.78 1.61
1049 0.97 0.78 1.61
1050 0.97 0.79 1.61
1051 0.97 0.79 1.61
1052 0.97 0.79 1.61
1053 0.97 0.79 1.61
1054 0.97 0.79 1.61
1055 0.97 0.80 1.61
1056 0.97 0.80 1.61
1057 0.97 0.80 1.61
1058 0.97 0.80 1.61
1059 0.97 0.80 1.61
1060 0.97 0.81 1.61
1061 0.97 0.81 1.61
1062 0.97 0.81 1.61
1063 0.97 0.81 1.61
1064 0.97 0.81 1.61
1065 0.97 0.82 1.61
1066 0.97 0.82 1.61
1067 0.97 0.82 1.61
1068 0.97 0.82 1.61
1069 0.97 0.82 1.61
1070 0.97 0.83 1.61
1071 0.97 0.83 1.61
1072 0.97 0.83 1.61
1073 0.97 0.83 1.61
1074 0.97 0.83 1.61
1075 0.97 0.84 1.61
1076 0.97 0.84 1.61
1077 0.97 0.84 1.61
1078 0.97 0.84 1.61
1079 0.97 0.84 1.61
1080 0.97 0.85 1.61
1081 0.97 0.85 1.61
1082 0.97 0.85 1.61
1083 0.97 0.85 1.61
1084 0.97 0.86 1.61
1085 0.97 0.86 1.61
1086 0.97 0.86 1.61
1087 0.97 0.86 1.61
1088 0.97 0.86 1.61
1089 0.97 0.87 1.61
1090 0.97 0.87 1.61
1091 0.97 0.87 1.61
1092 0.96 0.87 1.61
1093 0.96 0.87 1.61
1094 0.96 0.88 1.61
1095 0.96 0.88 1.61
1096 0.96 0.88 1.61
1097 0.96 0.88 1.61
1098 0.96 0.88 1.61
1099 0.96 0.89 1.61
1100 0.96 0.89 1.61
1101 0.96 0.89 1.61
1102 0.96 0.89 1.61
1103 0.96 0.89 1.61
1104 0.96 0.90 1.61
1105 0.96 0.90 1.61
1106 0.96 0.90 1.61
1107 0.96 0.90 1.61
1108 0.96 0.90 1.61
1109 0.96 0.91 1.61
1110 0.96 0.91 1.61
1111 0.96 0.91 1.61
1112 0.96 0.91 1.61
1113 0.96 0.91 1.61
1114 0.96 0.92 1.61
1115 0.96 0.92 1.61
1116 0.96 0.92 1.61
1117 0.96 0.92 1.61
1118 0.96 0.92 1.61
1119 0.96 0.93 1.61
1120 0.96 0.93 1.61
1121 0.96 0.93 1.61
1122 0.96 0.93 1.61
1123 0.96 0.93 1.61
1124 0.96 0.94 1.61
1125 0.96 0.94 1.61
1126 0.96 0.94 1.61
1127 0.96 0.94 1.61
1128 0.96 0.94 1.61
1129 0.96 0.95 1.61
1130 0.96 0.95 1.61
1131 0.96 0.95 1.61
1132 0.96 0.95 1.61
1133 0.96 0.95 1.61
1134 0.96 0.96 1.61
1135 0.96 0.96 1.61
1136 0.96 0.96 1.61
1137 0.96 0.96 1.61
1138 0.96 0.96 1.61
1139 0.96 0.97 1.61
1140 0.96 0.97 1.61
1141 0.96 0.97 1.61
1142 0.96 0.97 1.61
1143 0.96 0.97 1.61
1144 0.96 0.97 1.61
1145 0.96 0.98 1.61
1146 0.96 0.98 1.61
1147 0.96 0.98 1.61
1148 0.96 0.98 1.61
1149 0.96 0.98 1.61
1150 0.96 0.98 1.61
1151 0.96 0.99 1.61
1152 0.96 0.99 1.61
1153 0.96 0.99 1.61
1154 0.96 0.99 1.61
1155 0.96 0.99 1.61
1156 0.96 0.99 1.61
1157 0.96 0.99 1.61
1158 0.96 0.99 1.61
1159 0.96 0.99 1.61
1160 0.96 0.99 1.61
1161 0.96 1.00 1.61
1162 0.96 1.00 1.61
1163 0.96 1.00 1.61
1164 0.96 1.00 1.61
1165 0.96 1.00 1.61
1166 0.96 1.00 1.61
1167 0.96 1.00 1.61
1168 0.96 1.00 1.61
1169 0.96 1.00 1.61
1170 0.96 1.00 1.61
1171 0.96 1.00 1.61
1172 0.96 1.00 1.62
1173 0.96 1.00 1.62
1174 0.96 1.00 1.62
1175 0.96 1.00 1.63
1176 0.96 1.00 1.63
1177 0.96 1.00 1.64
1178 0.96 1.00 1.64
1179 0.96 1.00 1.65
1180 0.96 1.00 1.66
1181 0.96 1.00 1.66
1182 0.96 1.00 1.67
1183 0.96 1.00 1.68
1184 0.96 1.00 1.69
1185 0.96 1.00 1.70
1186 0.96 1.00 1.71
1187 0.96 1.00 1.72
1188 0.96 1.00 1.73
1189 0.96 1.00 1.74
1190 0.96 1.00 1.75
1191 0.96 1.00 1.76
1192 0.96 1.00 1.77
1193 0.96 1.00 1.78
1194 0.96 1.00 1.79
1195 0.96 1.00 1.81
1196 0.96 1.00 1.82
1197 0.96 1.00 1.83
1198 0.96 1.00 1.85
1199 0.96 1.00 1.86
1200 0.96 1.00 1.88
1201 0.96 1.00 1.89
1202 0.96 1.00 1.91
1203 0.96 1.00 1.92
1204 0.96 1.00 1.94
1205 0.96 1.00 1.95
1206 0.96 1.00 1.97
1207 0.96 1.00 1.98
1208 0.96 1.00 2.00
1209 0.96 1.00 2.02
1210 0.96 1.00 2.03
1211 0.96 1.00 2.05
1212 0.96 1.00 2.06
1213 0.96 1.00 2.08
1214 0.96 1.00 2.09
1215 0.96 1.00 2.11
1216 0.96 1.00 2.12
1217 0.96 1.00 2.14
1218 0.96 1.00 2.16
1219 0.96 1.00 2.17
1220 0.96 1.00 2.19
1221 0.96 1.00 2.20
1222 0.96 1.00 2.22
1223 0.96 1.00 2.23
1224 0.96 1.00 2.25
1225 0.96 1.00 2.27
1226 0.96 1.00 2.28
1227 0.96 1.00 2.30
1228 0.96 1.00 2.31
1229 0.96 1.00 2.33
1230 0.96 1.00 2.34
1231 0.96 1.00 2.36
1232 0.96 1.00 2.37
1233 0.96 1.00 2.39
1234 0.96 1.00 2.41
1235 0.96 1.00 2.42
1236 0.96 1.00 2.44
1237 0.96 1.00 2.45
1238 0.96 1.00 2.47
1239 0.96 1.00 2.48
1240 0.96 1.00 2.50
1241 0.96 1.00 2.52
1242 0.96 1.00 2.53
1243 0.96 1.00 2.55
1244 0.96 1.00 2.56
1245 0.96 1.00 2.58
1246 0.96 1.00 2.59
1247 0.96 1.00 2.61
1248 0.96 1.00 2.62
1249 0.96 1.00 2.64
1250 0.96 1.00 2.66
1251 0.96 1.00 2.67
1252 0.96 1.00 2.69
1253 0.96 1.00 2.70
1254 0.96 1.00 2.72
1255 0.96 1.00 2.73
1256 0.96 1.00 2.75
1257 0.96 1.00 2.77
1258 0.96 1.00 2.78
1259 0.96 1.00 2.80
1260 0.96 1.00 2.81
1261 0.96 1.00 2.83
1262 0.96 1.00 2.84
1263 0.96 1.00 2.86
1264 0.96 1.00 2.87
1265 0.96 1.00 2.89
1266 0.96 1.00 2.91
1267 0.96 1.00 2.92
1268 0.96 1.00 2.94
1269 0.96 1.00 2.95
1270 0.96 1.00 2.97
1271 0.96 1.00 2.98
1272 0.96 1.00 3.00
1273 0.96 1.00 3.01
1274 0.96 1.00 3.03
1275 0.96 1.00 3.05
1276 0.96 1.00 3.06
1277 0.96 1.00 3.08
1278 0.96 1.00 3.09
1279 0.96 1.00 3.10
1280 0.96 1.00 3.12
1281 0.96 1.00 3.13
1282 0.96 1.00 -3.14
1283 0.96 1.00 -3.13
1284 0.96 1.00 -3.12
1285 0.96 1.00 -3.12
1286 0.96 1.00 -3.10
1287 0.96 1.00 -3.10
1288 0.96 1.00 -3.10
1289 0.95 1.00 -3.10
1290 0.95 1.00 -3.10
1291 0.95 1.00 -3.10
1292 0.95 1.00 -3.10
1293 0.95 1.00 -3.10
1294 0.95 1.00 -3.10
1295 0.94 1.00 -3.10
1296 0.94 1.00 -3.10
1297 0.94 1.00 -3.10
1298 0.94 1.00 -3.10
1299 0.94 1.00 -3.10
1300 0.93 1.00 -3.10
1301 0.93 1.00 -3.10
1302 0.93 1.00 -3.10
1303 0.93 1.00 -3.10
1304 0.93 1.00 -3.10
1305 0.92 1.00 -3.10
1306 0.92 1.00 -3.10
1307 0.92 1.00 -3.10
1308 0.92 1.00 -3.10
1309 0.92 1.00 -3.10
1310 0.91 1.00 -3.10
1311 0.91 1.00 -3.10
1312 0.91 1.00 -3.10
1313 0.91 1.00 -3.10
1314 0.91 1.00 -3.10
1315 0.90 1.00 -3.10
1316 0.90 1.00 -3.10
1317 0.90 1.00 -3.10
1318 0.90 1.00 -3.10
1319 0.90 1.00 -3.10
1320 0.89 1.00 -3.10
1321 0.89 1.00 -3.10
1322 0.89 1.00 -3.10
1323 0.89 1.00 -3.10
1324 0.89 1.00 -3.10
1325 0.88 1.00 -3.10
1326 0.88 1.00 -3.10
1327 0.88 1.00 -3.10
1328 0.88 1.00 -3.10
1329 0.88 1.00 -3.10
1330 0.87 1.00 -3.10
1331 0.87 1.00 -3.10
1332 0.87 1.00 -3.10
1333 0.87 1.00 -3.10
1334 0.87 1.00 -3.10
1335 0.86 1.00 -3.10
1336 0.86 1.00 -3.10
1337 0.86 1.00 -3.10
1338 0.86 1.00 -3.10
1339 0.86 1.00 -3.10
1340 0.85 1.00 -3.10
1341 0.85 1.00 -3.10
1342 0.85 1.00 -3.10
1343 0.85 1.00 -3.10
1344 0.85 1.00 -3.10
1345 0.84 1.00 -3.10
1346 0.84 1.00 -3.10
1347 0.84 1.00 -3.10
1348 0.84 1.00 -3.10
1349 0.84 1.00 -3.10
1350 0.83 1.00 -3.10
1351 0.83 1.00 -3.10
1352 0.83 1.00 -3.10
1353 0.83 1.00 -3.10
1354 0.83 0.99 -3.10
1355 0.82 0.99 -3.10
1356 0.82 0.99 -3.10
1357 0.82 0.99 -3.10
1358 0.82 0.99 -3.10
1359 0.82 0.99 -3.10
1360 0.81 0.99 -3.10
1361 0.81 0.99 -3.10
1362 0.81 0.99 -3.10
1363 0.81 0.99 -3.10
1364 0.81 0.99 -3.10
1365 0.80 0.99 -3.10
1366 0.80 0.99 -3.10
1367 0.80 0.99 -3.10
1368 0.80 0.99 -3.10
1369 0.80 0.99 -3.10
1370 0.79 0.99 -3.10
1371 0.79 0.99 -3.10
1372 0.79 0.99 -3.10
1373 0.79 0.99 -3.10
1374 0.79 0.99 -3.10
1375 0.78 0.99 -3.10
1376 0.78 0.99 -3.10
1377 0.78 0.99 -3.10
1378 0.78 0.99 -3.10
1379 0.78 0.99 -3.10
1380 0.77 0.99 -3.10
1381 0.77 0.99 -3.10
1382 0.77 0.99 -3.10
1383 0.77 0.99 -3.10
1384 0.77 0.99 -3.10
1385 0.76 0.99 -3.10
1386 0.76 0.99 -3.10
1387 0.76 0.99 -3.10
1388 0.76 0.99 -3.10
1389 0.76 0.99 -3.10
1390 0.75 0.99 -3.10
1391 0.75 0.99 -3.10
1392 0.75 0.99 -3.10
1393 0.75 0.99 -3.10
1394 0.75 0.99 -3.10
1395 0.74 0.99 -3.10
1396 0.74 0.99 -3.10
1397 0.74 0.99 -3.10
1398 0.74 0.99 -3.10
1399 0.74 0.99 -3.10
1400 0.73 0.99 -3.10
1401 0.73 0.99 -3.10
1402 0.73 0.99 -3.10
1403 0.73 0.99 -3.10
1404 0.73 0.99 -3.10
1405 0.72 0.99 -3.10
1406 0.72 0.99 -3.10
1407 0.72 0.99 -3.10
1408 0.72 0.99 -3.10
1409 0.72 0.99 -3.10
1410 0.71 0.99 -3.10
1411 0.71 0.99 -3.10
1412 0.71 0.99 -3.10
1413 0.71 0.99 -3.10
1414 0.71 0.99 -3.10
1415 0.70 0.99 -3.10
1416 0.70 0.99 -3.10
1417 0.70 0.99 -3.10
1418 0.70 0.99 -3.10
1419 0.70 0.99 -3.10
1420 0.69 0.99 -3.10
1421 0.69 0.99 -3.10
1422 0.69 0.99 -3.10
1423 0.69 0.99 -3.10
1424 0.69 0.99 -3.10
1425 0.68 0.99 -3.10
1426 0.68 0.99 -3.10
1427 0.68 0.99 -3.10
1428 0.68 0.99 -3.10
1429 0.68 0.99 -3.10
1430 0.67 0.99 -3.10
1431 0.67 0.99 -3.10
1432 0.67 0.99 -3.10
1433 0.67 0.99 -3.10
1434 0.67 0.99 -3.10
1435 0.66 0.99 -3.10
1436 0.66 0.99 -3.10
1437 0.66 0.99 -3.10
1438 0.66 0.99 -3.10
1439 0.66 0.99 -3.10
1440 0.65 0.99 -3.10
1441 0.65 0.99 -3.10
1442 0.65 0.99 -3.10
1443 0.65 0.99 -3.10
1444 0.65 0.99 -3.10
1445 0.64 0.99 -3.10
1446 0.64 0.99 -3.10
1447 0.64 0.99 -3.10
1448 0.64 0.99 -3.10
1449 0.64 0.99 -3.10
1450 0.63 0.99 -3.10
1451 0.63 0.99 -3.10
1452 0.63 0.99 -3.10
1453 0.63 0.99 -3.10
1454 0.63 0.99 -3.10
1455 0.62 0.99 -3.10
1456 0.62 0.99 -3.10
1457 0.62 0.99 -3.10
1458 0.62 0.99 -3.10
1459 0.62 0.99 -3.10
1460 0.61 0.99 -3.10
1461 0.61 0.99 -3.10
1462 0.61 0.99 -3.10
1463 0.61 0.99 -3.10
1464 0.61 0.99 -3.10
1465 0.60 0.99 -3.10
1466 0.60 0.99 -3.10
1467 0.60 0.99 -3.10
1468 0.60 0.99 -3.10
1469 0.60 0.99 -3.10
1470 0.59 0.99 -3.10
1471 0.59 0.99 -3.10
1472 0.59 0.99 -3.10
1473 0.59 0.99 -3.10
1474 0.59 0.99 -3.10
1475 0.58 0.99 -3.10
1476 0.58 0.99 -3.10
1477 0.58 0.99 -3.10
1478 0.58 0.99 -3.10
1479 0.58 0.99 -3.10
1480 0.57 0.99 -3.10
1481 0.57 0.99 -3.10
1482 0.57 0.99 -3.10
1483 0.57 0.98 -3.10
1484 0.57 0.98 -3.10
1485 0.56 0.98 -3.10
1486 0.56 0.98 -3.10
1487 0.56 0.98 -3.10
1488 0.56 0.98 -3.10
1489 0.56 0.98 -3.10
1490 0.55 0.98 -3.10
1491 0.55 0.98 -3.10
1492 0.55 0.98 -3.10
1493 0.55 0.98 -3.10
1494 0.55 0.98 -3.10
1495 0.54 0.98 -3.10
1496 0.54 0.98 -3.10
1497 0.54 0.98 -3.10
1498 0.54 0.98 -3.10
1499 0.54 0.98 -3.10
1500 0.53 0.98 -3.10
1501 0.53 0.98 -3.10
1502 0.53 0.98 -3.10
1503 0.53 0.98 -3.10
1504 0.53 0.98 -3.10
1505 0.52 0.98 -3.10
1506 0.52 0.98 -3.10
1507 0.52 0.98 -3.10
1508 0.52 0.98 -3.10
1509 0.52 0.98 -3.10
1510 0.51 0.98 -3.10
1511 0.51 0.98 -3.10
1512 0.51 0.98 -3.10
1513 0.51 0.98 -3.10
1514 0.51 0.98 -3.10
1515 0.50 0.98 -3.10
1516 0.50 0.98 -3.10
1517 0.50 0.98 -3.10
1518 0.50 0.98 -3.10
1519 0.50 0.98 -3.10
1520 0.49 0.98 -3.10
1521 0.49 0.98 -3.10
1522 0.49 0.98 -3.10
1523 0.49 0.98 -3.10
1524 0.49 0.98 -3.10
1525 0.48 0.98 -3.10
1526 0.48 0.98 -3.10
1527 0.48 0.98 -3.10
1528 0.48 0.98 -3.10
1529 0.47 0.98 -3.10
1530 0.47 0.98 -3.10
1531 0.47 0.98 -3.10
1532 0.47 0.98 -3.10
1533 0.47 0.98 -3.10
1534 0.46 0.98 -3.10
1535 0.46 0.98 -3.10
1536 0.46 0.98 -3.10
1537 0.46 0.98 -3.10
1538 0.46 0.98 -3.10
1539 0.45 0.98 -3.10
1540 0.45 0.98 -3.10
1541 0.45 0.98 -3.10
1542 0.45 0.98 -3.10
1543 0.45 0.98 -3.10
1544 0.44 0.98 -3.10
1545 0.44 0.98 -3.10
1546 0.44 0.98 -3.10
1547 0.44 0.98 -3.10
1548 0.44 0.98 -3.10
1549 0.43 0.98 -3.10
1550 0.43 0.98 -3.10
1551 0.43 0.98 -3.10
1552 0.43 0.98 -3.10
1553 0.43 0.98 -3.10
1554 0.42 0.98 -3.10
1555 0.42 0.98 -3.10
1556 0.42 0.98 -3.10
1557 0.42 0.98 -3.10
1558 0.42 0.98 -3.10
1559 0.41 0.98 -3.10
1560 0.41 0.98 -3.10
1561 0.41 0.98 -3.10
1562 0.41 0.98 -3.10
1563 0.41 0.98 -3.10
1564 0.40 0.98 -3.10
1565 0.40 0.98 -3.10
1566 0.40 0.98 -3.10
1567 0.40 0.98 -3.10
1568 0.40 0.98 -3.10
1569 0.39 0.98 -3.10
1570 0.39 0.98 -3.10
1571 0.39 0.98 -3.10
1572 0.39 0.98 -3.10
1573 0.39 0.98 -3.10
1574 0.38 0.98 -3.10
1575 0.38 0.98 -3.10
1576 0.38 0.98 -3.10
1577 0.38 0.98 -3.10
1578 0.38 0.98 -3.10
1579 0.37 0.98 -3.10
1580 0.37 0.98 -3.10
1581 0.37 0.98 -3.10
1582 0.37 0.98 -3.10
1583 0.37 0.98 -3.10
1584 0.36 0.98 -3.10
1585 0.36 0.98 -3.10
1586 0.36 0.98 -3.10
1587 0.36 0.98 -3.10
1588 0.36 0.98 -3.10
1589 0.35 0.98 -3.10
1590 0.35 0.98 -3.10
1591 0.35 0.98 -3.10
1592 0.35 0.98 -3.10
1593 0.35 0.98 -3.10
1594 0.34 0.98 -3.10
1595 0.34 0.98 -3.10
1596 0.34 0.98 -3.10
1597 0.34 0.98 -3.10
1598 0.34 0.98 -3.10
1599 0.33 0.98 -3.10
1600 0.33 0.98 -3.10
1601 0.33 0.98 -3.10
1602 0.33 0.98 -3.10
1603 0.33 0.98 -3.10
1604 0.32 0.98 -3.10
1605 0.32 0.98 -3.10
1606 0.32 0.98 -3.10
1607 0.32 0.98 -3.10
1608 0.32 0.98 -3.10
1609 0.31 0.98 -3.10
1610 0.31 0.97 -3.10
1611 0.31 0.97 -3.10
1612 0.31 0.97 -3.10
1613 0.31 0.97 -3.10
1614 0.30 0.97 -3.10
1615 0.30 0.97 -3.10
1616 0.30 0.97 -3.10
1617 0.30 0.97 -3.10
1618 0.30 0.97 -3.10
1619 0.29 0.97 -3.10
1620 0.29 0.97 -3.10
1621 0.29 0.97 -3.10
1622 0.29 0.97 -3.10
1623 0.29 0.97 -3.10
1624 0.28 0.97 -3.10
1625 0.28 0.97 -3.10
1626 0.28 0.97 -3.10
1627 0.28 0.97 -3.10
1628 0.28 0.97 -3.10
1629 0.27 0.97 -3.10
1630 0.27 0.97 -3.10
1631 0.27 0.97 -3.10
1632 0.27 0.97 -3.10
1633 0.27 0.97 -3.10
1634 0.26 0.97 -3.10
1635 0.26 0.97 -3.10
1636 0.26 0.97 -3.10
1637 0.26 0.97 -3.10
1638 0.26 0.97 -3.10
1639 0.25 0.97 -3.10
1640 0.25 0.97 -3.10
1641 0.25 0.97 -3.10
1642 0.25 0.97 -3.10
1643 0.25 0.97 -3.10
1644 0.24 0.97 -3.10
1645 0.24 0.97 -3.10
1646 0.24 0.97 -3.10
1647 0.24 0.97 -3.10
1648 0.24 0.97 -3.10
1649 0.23 0.97 -3.10
1650 0.23 0.97 -3.10
1651 0.23 0.97 -3.10
1652 0.23 0.97 -3.10
1653 0.23 0.97 -3.10
1654 0.22 0.97 -3.10
1655 0.22 0.97 -3.10
1656 0.22 0.97 -3.10
1657 0.22 0.97 -3.10
1658 0.22 0.97 -3.10
1659 0.21 0.97 -3.10
1660 0.21 0.97 -3.10
1661 0.21 0.97 -3.10
1662 0.21 0.97 -3.10
1663 0.21 0.97 -3.10
1664 0.20 0.97 -3.10
1665 0.20 0.97 -3.10
1666 0.20 0.97 -3.10
1667 0.20 0.97 -3.10
1668 0.20 0.97 -3.10
1669 0.19 0.97 -3.10
1670 0.19 0.97 -3.10
1671 0.19 0.97 -3.10
1672 0.19 0.97 -3.10
1673 0.19 0.97 -3.10
1674 0.18 0.97 -3.10
1675 0.18 0.97 -3.10
1676 0.18 0.97 -3.10
1677 0.18 0.97 -3.10
1678 0.18 0.97 -3.10
1679 0.17 0.97 -3.10
1680 0.17 0.97 -3.10
1681 0.17 0.97 -3.10
1682 0.17 0.97 -3.10
1683 0.17 0.97 -3.10
1684 0.16 0.97 -3.10
1685 0.16 0.97 -3.10
1686 0.16 0.97 -3.10
1687 0.16 0.97 -3.10
1688 0.16 0.97 -3.10
1689 0.15 0.97 -3.10
1690 0.15 0.97 -3.10
1691 0.15 0.97 -3.10
1692 0.15 0.97 -3.10
1693 0.15 0.97 -3.10
1694 0.14 0.97 -3.10
1695 0.14 0.97 -3.10
1696 0.14 0.97 -3.10
1697 0.14 0.97 -3.10
1698 0.14 0.97 -3.10
1699 0.13 0.97 -3.10
1700 0.13 0.97 -3.10
1701 0.13 0.97 -3.10
1702 0.13 0.97 -3.10
1703 0.13 0.97 -3.10
1704 0.12 0.97 -3.10
1705 0.12 0.97 -3.10
1706 0.12 0.97 -3.10
1707 0.12 0.97 -3.10
1708 0.11 0.97 -3.10
1709 0.11 0.97 -3.10
1710 0.11 0.97 -3.10
1711 0.11 0.97 -3.10
1712 0.11 0.97 -3.10
1713 0.10 0.97 -3.10
1714 0.10 0.97 -3.10
1715 0.10 0.97 -3.10
1716 0.10 0.97 -3.10
1717 0.10 0.97 -3.10
1718 0.09 0.97 -3.10
1719 0.09 0.97 -3.10
1720 0.09 0.97 -3.10
1721 0.09 0.97 -3.10
1722 0.09 0.97 -3.10
1723 0.08 0.97 -3.10
1724 0.08 0.97 -3.10
1725 0.08 0.97 -3.10
1726 0.08 0.97 -3.10
1727 0.08 0.97 -3.10
1728 0.07 0.97 -3.10
1729 0.07 0.97 -3.10
1730 0.07 0.97 -3.10
1731 0.07 0.97 -3.10
1732 0.07 0.97 -3.10
1733 0.06 0.97 -3.10
1734 0.06 0.97 -3.10
1735 0.06 0.97 -3.10
1736 0.06 0.97 -3.10
1737 0.06 0.97 -3.10
1738 0.05 0.96 -3.10
1739 0.05 0.96 -3.10
1740 0.05 0.96 -3.10
1741 0.05 0.96 -3.10
1742 0.05 0.96 -3.10
1743 0.04 0.96 -3.10
1744 0.04 0.96 -3.10
1745 0.04 0.96 -3.10
1746 0.04 0.96 -3.10
1747 0.04 0.96 -3.10
1748 0.03 0.96 -3.10
1749 0.03 0.96 -3.10
1750 0.03 0.96 -3.10
1751 0.03 0.96 -3.10
1752 0.03 0.96 -3.10
1753 0.02 0.96 -3.10
1754 0.02 0.96 -3.10
1755 0.02 0.96 -3.10
1756 0.02 0.96 -3.10
1757 0.02 0.96 -3.10
1758 0.01 0.96 -3.10
1759 0.01 0.96 -3.10
1760 0.01 0.96 -3.10
1761 0.01 0.96 -3.10
1762 0.01 0.96 -3.10
1763 0.00 0.96 -3.10
1764 0.00 0.96 -3.10
1765 0.00 0.96 -3.10
1766 -0.00 0.96 -3.10
1767 -0.00 0.96 -3.10
1768 -0.01 0.96 -3.10
1769 -0.01 0.96 -3.10
1770 -0.01 0.96 -3.10
1771 -0.01 0.96 -3.10
1772 -0.01 0.96 -3.10
1773 -0.01 0.96 -3.10
1774 -0.02 0.96 -3.10
1775 -0.02 0.96 -3.10
1776 -0.02 0.96 -3.10
1777 -0.02 0.96 -3.10
1778 -0.02 0.96 -3.10
1779 -0.02 0.96 -3.10
1780 -0.03 0.96 -3.10
1781 -0.03 0.96 -3.10
1782 -0.03 0.96 -3.10
1783 -0.03 0.96 -3.10
1784 -0.03 0.96 -3.10
1785 -0.03 0.96 -3.10
1786 -0.03 0.96 -3.10
1787 -0.03 0.96 -3.10
1788 -0.03 0.96 -3.10
1789 -0.04 0.96 -3.10
1790 -0.04 0.96 -3.10
1791 -0.04 0.96 -3.10
1792 -0.04 0.96 -3.10
1793 -0.04 0.96 -3.10
1794 -0.04 0.96 -3.10
1795 -0.04 0.96 -3.10
1796 -0.04 0.96 -3.10
1797 -0.04 0.96 -3.10
1798 -0.04 0.96 -3.10
1799 -0.04 0.96 -3.10
1800 -0.04 0.96 -3.10
1801 -0.04 0.96 -3.10
1802 -0.04 0.96 -3.09
1803 -0.04 0.96 -3.09
1804 -0.04 0.96 -3.08
1805 -0.04 0.96 -3.07
1806 -0.04 0.96 -3.07
1807 -0.04 0.96 -3.06
1808 -0.04 0.96 -3.05
1809 -0.04 0.96 -3.05
1810 -0.04 0.96 -3.04
1811 -0.04 0.96 -3.03
1812 -0.04 0.96 -3.02
1813 -0.04 0.96 -3.01
1814 -0.04 0.96 -3.00
1815 -0.04 0.96 -2.99
1816 -0.04 0.96 -2.98
1817 -0.04 0.96 -2.97
1818 -0.04 0.96 -2.96
1819 -0.04 0.96 -2.95
1820 -0.04 0.96 -2.94
1821 -0.04 0.96 -2.92
1822 -0.04 0.96 -2.91
1823 -0.04 0.96 -2.90
1824 -0.04 0.96 -2.89
1825 -0.04 0.96 -2.87
1826 -0.04 0.96 -2.86
1827 -0.04 0.96 -2.84
1828 -0.04 0.96 -2.83
1829 -0.04 0.96 -2.81
1830 -0.04 0.96 -2.80
1831 -0.04 0.96 -2.78
1832 -0.04 0.96 -2.77
1833 -0.04 0.96 -2.75
1834 -0.04 0.96 -2.73
1835 -0.04 0.96 -2.72
1836 -0.04 0.96 -2.70
1837 -0.04 0.96 -2.67
1838 -0.04 0.96 -2.66
1839 -0.04 0.96 -2.64
1840 -0.04 0.96 -2.63
1841 -0.04 0.96 -2.61
1842 -0.04 0.96 -2.59
1843 -0.04 0.96 -2.58
1844 -0.04 0.96 -2.56
1845 -0.04 0.96 -2.55
1846 -0.04 0.96 -2.53
1847 -0.04 0.96 -2.52
1848 -0.04 0.96 -2.50
1849 -0.04 0.96 -2.48
1850 -0.04 0.96 -2.47
1851 -0.04 0.96 -2.45
1852 -0.04 0.96 -2.44
1853 -0.04 0.96 -2.42
1854 -0.04 0.96 -2.41
1855 -0.04 0.96 -2.39
1856 -0.04 0.96 -2.37
1857 -0.04 0.96 -2.36
1858 -0.04 0.96 -2.34
1859 -0.04 0.96 -2.33
1860 -0.04 0.96 -2.31
1861 -0.04 0.96 -2.30
1862 -0.04 0.96 -2.28
1863 -0.04 0.96 -2.27
1864 -0.04 0.96 -2.25
1865 -0.04 0.96 -2.23
1866 -0.04 0.96 -2.22
1867 -0.04 0.96 -2.20
1868 -0.04 0.96 -2.19
1869 -0.04 0.96 -2.17
1870 -0.04 0.96 -2.16
1871 -0.04 0.96 -2.14
1872 -0.04 0.96 -2.12
1873 -0.04 0.96 -2.11
1874 -0.04 0.96 -2.09
1875 -0.04 0.96 -2.08
1876 -0.04 0.96 -2.06
1877 -0.04 0.96 -2.05
1878 -0.04 0.96 -2.03
1879 -0.04 0.96 -2.02
1880 -0.04 0.96 -2.00
1881 -0.04 0.96 -1.98
1882 -0.04 0.96 -1.97
1883 -0.04 0.96 -1.95
1884 -0.04 0.96 -1.94
1885 -0.04 0.96 -1.92
1886 -0.04 0.96 -1.91
1887 -0.04 0.96 -1.89
1888 -0.04 0.96 -1.88
1889 -0.04 0.96 -1.86
1890 -0.04 0.96 -1.84
1891 -0.04 0.96 -1.83
1892 -0.04 0.96 -1.81
1893 -0.04 0.96 -1.80
1894 -0.04 0.96 -1.78
1895 -0.04 0.96 -1.77
1896 -0.04 0.96 -1.75
1897 -0.04 0.96 -1.73
1898 -0.04 0.96 -1.72
1899 -0.04 0.96 -1.70
1900 -0.04 0.96 -1.69
1901 -0.04 0.96 -1.67
1902 -0.04 0.96 -1.66
1903 -0.04 0.96 -1.64
1904 -0.04 0.96 -1.63
1905 -0.04 0.96 -1.61
1906 -0.04 0.96 -1.60
1907 -0.04 0.96 -1.59
1908 -0.04 0.96 -1.58
1909 -0.04 0.96 -1.56
1910 -0.04 0.96 -1.55
1911 -0.04 0.96 -1.54
1912 -0.04 0.96 -1.53
1913 -0.04 0.96 -1.53
1914 -0.04 0.96 -1.52
1915 -0.04 0.96 -1.52
1916 -0.04 0.96 -1.52
1917 -0.04 0.96 -1.52
1918 -0.04 0.95 -1.52
1919 -0.04 0.95 -1.52
1920 -0.04 0.95 -1.52
1921 -0.04 0.95 -1.52
1922 -0.04 0.95 -1.52
1923 -0.04 0.95 -1.52
1924 -0.04 0.94 -1.52
1925 -0.04 0.94 -1.52
1926 -0.04 0.94 -1.52
1927 -0.04 0.94 -1.52
1928 -0.04 0.94 -1.52
1929 -0.04 0.93 -1.52
1930 -0.04 0.93 -1.52
1931 -0.04 0.93 -1.52
1932 -0.04 0.93 -1.52
1933 -0.04 0.93 -1.52
1934 -0.04 0.92 -1.52
1935 -0.04 0.92 -1.52
1936 -0.04 0.92 -1.52
1937 -0.04 0.92 -1.52
1938 -0.04 0.92 -1.52
1939 -0.04 0.91 -1.52
1940 -0.04 0.91 -1.52
1941 -0.04 0.91 -1.52
1942 -0.04 0.91 -1.52
1943 -0.04 0.91 -1.52
1944 -0.04 0.90 -1.52
1945 -0.04 0.90 -1.52
1946 -0.04 0.90 -1.52
1947 -0.04 0.90 -1.52
1948 -0.04 0.90 -1.52
1949 -0.04 0.89 -1.52
1950 -0.04 0.89 -1.52
1951 -0.04 0.89 -1.52
1952 -0.04 0.89 -1.52
1953 -0.04 0.89 -1.52
1954 -0.04 0.88 -1.52
1955 -0.04 0.88 -1.52
1956 -0.04 0.88 -1.52
1957 -0.04 0.88 -1.52
1958 -0.04 0.88 -1.52
1959 -0.04 0.87 -1.52
1960 -0.04 0.87 -1.52
1961 -0.04 0.87 -1.52
1962 -0.04 0.87 -1.52
1963 -0.04 0.87 -1.52
1964 -0.04 0.86 -1.52
1965 -0.04 0.86 -1.52
1966 -0.04 0.86 -1.52
1967 -0.04 0.86 -1.52
1968 -0.03 0.86 -1.52
1969 -0.03 0.85 -1.52
1970 -0.03 0.85 -1.52
1971 -0.03 0.85 -1.52
1972 -0.03 0.85 -1.52
1973 -0.03 0.85 -1.52
1974 -0.03 0.84 -1.52
1975 -0.03 0.84 -1.52
1976 -0.03 0.84 -1.52
1977 -0.03 0.84 -1.52
1978 -0.03 0.84 -1.52
1979 -0.03 0.83 -1.52
1980 -0.03 0.83 -1.52
1981 -0.03 0.83 -1.52
1982 -0.03 0.83 -1.52
1983 -0.03 0.83 -1.52
1984 -0.03 0.82 -1.52
1985 -0.03 0.82 -1.52
1986 -0.03 0.82 -1.52
1987 -0.03 0.82 -1.52
1988 -0.03 0.82 -1.52
1989 -0.03 0.81 -1.52
1990 -0.03 0.81 -1.52
1991 -0.03 0.81 -1.52
1992 -0.03 0.81 -1.52
1993 -0.03 0.81 -1.52
1994 -0.03 0.80 -1.52
1995 -0.03 0.80 -1.52
1996 -0.03 0.80 -1.52
1997 -0.03 0.80 -1.52
1998 -0.03 0.80 -1.52
1999 -0.03 0.79 -1.52
2000 -0.03 0.79 -1.52
2001 -0.03 0.79 -1.52
2002 -0.03 0.79 -1.52
2003 -0.03 0.79 -1.52
2004 -0.03 0.78 -1.52
2005 -0.03 0.78 -1.52
2006 -0.03 0.78 -1.52
2007 -0.03 0.78 -1.52
2008 -0.03 0.78 -1.52
2009 -0.03 0.77 -1.52
2010 -0.03 0.77 -1.52
2011 -0.03 0.77 -1.52
2012 -0.03 0.77 -1.52
2013 -0.03 0.77 -1.52
2014 -0.03 0.76 -1.52
2015 -0.03 0.76 -1.52
2016 -0.03 0.76 -1.52
2017 -0.03 0.76 -1.52
2018 -0.03 0.76 -1.52
2019 -0.03 0.75 -1.52
2020 -0.03 0.75 -1.52
2021 -0.03 0.75 -1.52
2022 -0.03 0.75 -1.52
2023 -0.03 0.75 -1.52
2024 -0.03 0.74 -1.52
2025 -0.03 0.74 -1.52
2026 -0.03 0.74 -1.52
2027 -0.03 0.74 -1.52
2028 -0.03 0.74 -1.52
2029 -0.03 0.73 -1.52
2030 -0.03 0.73 -1.52
2031 -0.03 0.73 -1.52
2032 -0.03 0.73 -1.52
2033 -0.03 0.73 -1.52
2034 -0.03 0.72 -1.52
2035 -0.03 0.72 -1.52
2036 -0.03 0.72 -1.52
2037 -0.03 0.72 -1.52
2038 -0.03 0.72 -1.52
2039 -0.03 0.71 -1.52
2040 -0.03 0.71 -1.52
2041 -0.03 0.71 -1.52
2042 -0.03 0.71 -1.52
2043 -0.03 0.71 -1.52
2044 -0.03 0.70 -1.52
2045 -0.03 0.70 -1.52
2046 -0.03 0.70 -1.52
2047 -0.03 0.70 -1.52
2048 -0.03 0.70 -1.52
2049 -0.03 0.69 -1.52
2050 -0.03 0.69 -1.52
2051 -0.03 0.69 -1.52
2052 -0.03 0.69 -1.52
2053 -0.03 0.69 -1.52
2054 -0.03 0.68 -1.52
2055 -0.03 0.68 -1.52
2056 -0.03 0.68 -1.52
2057 -0.03 0.68 -1.52
2058 -0.03 0.68 -1.52
2059 -0.02 0.67 -1.52
2060 -0.02 0.67 -1.52
2061 -0.02 0.67 -1.52
2062 -0.02 0.67 -1.52
2063 -0.02 0.67 -1.52
2064 -0.02 0.66 -1.52
2065 -0.02 0.66 -1.52
2066 -0.02 0.66 -1.52
2067 -0.02 0.66 -1.52
2068 -0.02 0.66 -1.52
2069 -0.02 0.65 -1.52
2070 -0.02 0.65 -1.52
2071 -0.02 0.65 -1.52
2072 -0.02 0.65 -1.52
2073 -0.02 0.65 -1.52
2074 -0.02 0.64 -1.52
2075 -0.02 0.64 -1.52
2076 -0.02 0.64 -1.52
2077 -0.02 0.64 -1.52
2078 -0.02 0.64 -1.52
2079 -0.02 0.63 -1.52
2080 -0.02 0.63 -1.52
2081 -0.02 0.63 -1.52
2082 -0.02 0.63 -1.52
2083 -0.02 0.63 -1.52
2084 -0.02 0.62 -1.52
2085 -0.02 0.62 -1.52
2086 -0.02 0.62 -1.52
2087 -0.02 0.62 -1.52
2088 -0.02 0.62 -1.52
2089 -0.02 0.61 -1.52
2090 -0.02 0.61 -1.52
2091 -0.02 0.61 -1.52
2092 -0.02 0.61 -1.52
2093 -0.02 0.61 -1.52
2094 -0.02 0.60 -1.52
2095 -0.02 0.60 -1.52
2096 -0.02 0.60 -1.52
2097 -0.02 0.60 -1.52
2098 -0.02 0.60 -1.52
2099 -0.02 0.59 -1.52
2100 -0.02 0.59 -1.52
2101 -0.02 0.59 -1.52
2102 -0.02 0.59 -1.52
2103 -0.02 0.59 -1.52
2104 -0.02 0.58 -1.52
2105 -0.02 0.58 -1.52
2106 -0.02 0.58 -1.52
2107 -0.02 0.58 -1.52
2108 -0.02 0.58 -1.52
2109 -0.02 0.57 -1.52
2110 -0.02 0.57 -1.52
2111 -0.02 0.57 -1.52
2112 -0.02 0.57 -1.52
2113 -0.02 0.57 -1.52
2114 -0.02 0.56 -1.52
2115 -0.02 0.56 -1.52
2116 -0.02 0.56 -1.52
2117 -0.02 0.56 -1.52
2118 -0.02 0.56 -1.52
2119 -0.02 0.55 -1.52
2120 -0.02 0.55 -1.52
2121 -0.02 0.55 -1.52
2122 -0.02 0.55 -1.52
2123 -0.02 0.55 -1.52
2124 -0.02 0.54 -1.52
2125 -0.02 0.54 -1.52
2126 -0.02 0.54 -1.52
2127 -0.02 0.54 -1.52
2128 -0.02 0.54 -1.52
2129 -0.02 0.53 -1.52
2130 -0.02 0.53 -1.52
2131 -0.02 0.53 -1.52
2132 -0.02 0.53 -1.52
2133 -0.02 0.53 -1.52
2134 -0.02 0.52 -1.52
2135 -0.02 0.52 -1.52
2136 -0.02 0.52 -1.52
2137 -0.02 0.52 -1.52
2138 -0.02 0.52 -1.52
2139 -0.02 0.51 -1.52
2140 -0.02 0.51 -1.52
2141 -0.02 0.51 -1.52
2142 -0.02 0.51 -1.52
2143 -0.02 0.51 -1.52
2144 -0.02 0.50 -1.52
2145 -0.02 0.50 -1.52
2146 -0.02 0.50 -1.52
2147 -0.02 0.50 -1.52
2148 -0.02 0.50 -1.52
2149 -0.02 0.49 -1.52
2150 -0.02 0.49 -1.52
2151 -0.01 0.49 -1.52
2152 -0.01 0.49 -1.52
2153 -0.01 0.49 -1.52
2154 -0.01 0.48 -1.52
2155 -0.01 0.48 -1.52
2156 -0.01 0.48 -1.52
2157 -0.01 0.48 -1.52
2158 -0.01 0.48 -1.52
2159 -0.01 0.47 -1.52
2160 -0.01 0.47 -1.52
2161 -0.01 0.47 -1.52
2162 -0.01 0.47 -1.52
2163 -0.01 0.47 -1.52
2164 -0.01 0.46 -1.52
2165 -0.01 0.46 -1.52
2166 -0.01 0.46 -1.52
2167 -0.01 0.46 -1.52
2168 -0.01 0.46 -1.52
2169 -0.01 0.45 -1.52
2170 -0.01 0.45 -1.52
2171 -0.01 0.45 -1.52
2172 -0.01 0.45 -1.52
2173 -0.01 0.45 -1.52
2174 -0.01 0.44 -1.52
2175 -0.01 0.44 -1.52
2176 -0.01 0.44 -1.52
2177 -0.01 0.44 -1.52
2178 -0.01 0.44 -1.52
2179 -0.01 0.43 -1.52
2180 -0.01 0.43 -1.52
2181 -0.01 0.43 -1.52
2182 -0.01 0.43 -1.52
2183 -0.01 0.43 -1.52
2184 -0.01 0.42 -1.52
2185 -0.01 0.42 -1.52
2186 -0.01 0.42 -1.52
2187 -0.01 0.42 -1.52
2188 -0.01 0.42 -1.52
2189 -0.01 0.41 -1.52
2190 -0.01 0.41 -1.52
2191 -0.01 0.41 -1.52
2192 -0.01 0.41 -1.52
2193 -0.01 0.41 -1.52
2194 -0.01 0.40 -1.52
2195 -0.01 0.40 -1.52
2196 -0.01 0.40 -1.52
2197 -0.01 0.40 -1.52
2198 -0.01 0.40 -1.52
2199 -0.01 0.39 -1.52
2200 -0.01 0.39 -1.52
2201 -0.01 0.39 -1.52
2202 -0.01 0.39 -1.52
2203 -0.01 0.39 -1.52
2204 -0.01 0.38 -1.52
2205 -0.01 0.38 -1.52
2206 -0.01 0.38 -1.52
2207 -0.01 0.38 -1.52
2208 -0.01 0.38 -1.52
2209 -0.01 0.37 -1.52
2210 -0.01 0.37 -1.52
2211 -0.01 0.37 -1.52
2212 -0.01 0.37 -1.52
2213 -0.01 0.37 -1.52
2214 -0.01 0.36 -1.52
2215 -0.01 0.36 -1.52
2216 -0.01 0.36 -1.52
2217 -0.01 0.36 -1.52
2218 -0.01 0.36 -1.52
2219 -0.01 0.35 -1.52
2220 -0.01 0.35 -1.52
2221 -0.01 0.35 -1.52
2222 -0.01 0.35 -1.52
2223 -0.01 0.35 -1.52
2224 -0.01 0.34 -1.52
2225 -0.01 0.34 -1.52
2226 -0.01 0.34 -1.52
2227 -0.01 0.34 -1.52
2228 -0.01 0.34 -1.52
2229 -0.01 0.33 -1.52
2230 -0.01 0.33 -1.52
2231 -0.01 0.33 -1.52
2232 -0.01 0.33 -1.52
2233 -0.01 0.33 -1.52
2234 -0.01 0.32 -1.52
2235 -0.01 0.32 -1.52
2236 -0.01 0.32 -1.52
2237 -0.01 0.32 -1.52
2238 -0.01 0.32 -1.52
2239 -0.01 0.31 -1.52
2240 -0.01 0.31 -1.52
2241 -0.01 0.31 -1.52
2242 -0.00 0.31 -1.52
2243 -0.00 0.31 -1.52
2244 -0.00 0.30 -1.52
2245 -0.00 0.30 -1.52
2246 -0.00 0.30 -1.52
2247 -0.00 0.30 -1.52
2248 -0.00 0.30 -1.52
2249 -0.00 0.29 -1.52
2250 -0.00 0.29 -1.52
2251 -0.00 0.29 -1.52
2252 -0.00 0.29 -1.52
2253 -0.00 0.29 -1.52
2254 -0.00 0.28 -1.52
2255 -0.00 0.28 -1.52
2256 -0.00 0.28 -1.52
2257 -0.00 0.28 -1.52
2258 -0.00 0.28 -1.52
2259 -0.00 0.27 -1.52
2260 -0.00 0.27 -1.52
2261 -0.00 0.27 -1.52
2262 -0.00 0.27 -1.52
2263 -0.00 0.27 -1.52
2264 -0.00 0.26 -1.52
2265 -0.00 0.26 -1.52
2266 -0.00 0.26 -1.52
2267 -0.00 0.26 -1.52
2268 -0.00 0.26 -1.52
2269 -0.00 0.25 -1.52
2270 -0.00 0.25 -1.52
2271 -0.00 0.25 -1.52
2272 -0.00 0.25 -1.52
2273 -0.00 0.25 -1.52
2274 -0.00 0.24 -1.52
2275 -0.00 0.24 -1.52
2276 -0.00 0.24 -1.52
2277 -0.00 0.24 -1.52
2278 -0.00 0.24 -1.52
2279 -0.00 0.23 -1.52
2280 -0.00 0.23 -1.52
2281 -0.00 0.23 -1.52
2282 -0.00 0.23 -1.52
2283 -0.00 0.23 -1.52
2284 -0.00 0.22 -1.52
2285 -0.00 0.22 -1.52
2286 -0.00 0.22 -1.52
2287 -0.00 0.22 -1.52
2288 0.00 0.22 -1.52
2289 0.00 0.21 -1.52
2290 0.00 0.21 -1.52
2291 0.00 0.21 -1.52
2292 0.00 0.21 -1.52
2293 0.00 0.21 -1.52
2294 0.00 0.20 -1.52
2295 0.00 0.20 -1.52
2296 0.00 0.20 -1.52
2297 0.00 0.20 -1.52
2298 0.00 0.20 -1.52
2299 0.00 0.19 -1.52
2300 0.00 0.19 -1.52
2301 0.00 0.19 -1.52
2302 0.00 0.19 -1.52
2303 0.00 0.19 -1.52
2304 0.00 0.18 -1.52
2305 0.00 0.18 -1.52
2306 0.00 0.18 -1.52
2307 0.00 0.18 -1.52
2308 0.00 0.18 -1.52
2309 0.00 0.18 -1.52
2310 0.00 0.17 -1.52
2311 0.00 0.17 -1.52
2312 0.00 0.17 -1.52
2313 0.00 0.17 -1.52
2314 0.00 0.17 -1.52
2315 0.00 0.16 -1.52
2316 0.00 0.16 -1.52
2317 0.00 0.16 -1.52
2318 0.00 0.16 -1.52
2319 0.00 0.16 -1.52
2320 0.00 0.15 -1.52
2321 0.00 0.15 -1.52
2322 0.00 0.15 -1.52
2323 0.00 0.15 -1.52
2324 0.00 0.15 -1.52
2325 0.00 0.14 -1.52
2326 0.00 0.14 -1.52
2327 0.00 0.14 -1.52
2328 0.00 0.14 -1.52
2329 0.00 0.14 -1.52
2330 0.00 0.13 -1.52
2331 0.00 0.13 -1.52
2332 0.00 0.13 -1.52
2333 0.01 0.13 -1.52
2334 0.01 0.13 -1.52
2335 0.01 0.12 -1.52
2336 0.01 0.12 -1.52
2337 0.01 0.12 -1.52
2338 0.01 0.12 -1.52
2339 0.01 0.12 -1.52
2340 0.01 0.11 -1.52
2341 0.01 0.11 -1.52
2342 0.01 0.11 -1.52
2343 0.01 0.11 -1.52
2344 0.01 0.11 -1.52
2345 0.01 0.10 -1.52
2346 0.01 0.10 -1.52
2347 0.01 0.10 -1.52
2348 0.01 0.10 -1.52
2349 0.01 0.10 -1.52
2350 0.01 0.09 -1.52
2351 0.01 0.09 -1.52
2352 0.01 0.09 -1.52
2353 0.01 0.09 -1.52
2354 0.01 0.09 -1.52
2355 0.01 0.08 -1.52
2356 0.01 0.08 -1.52
2357 0.01 0.08 -1.52
2358 0.01 0.08 -1.52
2359 0.01 0.08 -1.52
2360 0.01 0.07 -1.52
2361 0.01 0.07 -1.52
2362 0.01 0.07 -1.52
2363 0.01 0.07 -1.52
2364 0.01 0.07 -1.52
2365 0.01 0.06 -1.52
2366 0.01 0.06 -1.52
2367 0.01 0.06 -1.52
2368 0.01 0.06 -1.52
2369 0.01 0.06 -1.52
2370 0.01 0.05 -1.52
2371 0.01 0.05 -1.52
2372 0.01 0.05 -1.52
2373 0.01 0.05 -1.52
2374 0.01 0.05 -1.52
2375 0.01 0.04 -1.52
2376 0.01 0.04 -1.52
2377 0.01 0.04 -1.52
2378 0.01 0.04 -1.52
2379 0.01 0.04 -1.52
2380 0.01 0.03 -1.52
2381 0.01 0.03 -1.52
2382 0.01 0.03 -1.52
2383 0.01 0.03 -1.52
2384 0.01 0.03 -1.52
2385 0.01 0.02 -1.52
2386 0.01 0.02 -1.52
2387 0.01 0.02 -1.52
2388 0.01 0.02 -1.52
2389 0.01 0.02 -1.52
2390 0.01 0.01 -1.52
2391 0.01 0.01 -1.52
2392 0.01 0.01 -1.52
2393 0.01 0.01 -1.52
2394 0.01 0.01 -1.52
2395 0.01 0.00 -1.52
2396 0.01 0.00 -1.52
2397 0.01 -0.00 -1.52
2398 0.01 -0.00 -1.52
2399 0.01 -0.00 -1.52
2400 0.01 -0.01 -1.52
2401 0.01 -0.01 -1.52
2402 0.01 -0.01 -1.52
2403 0.01 -0.01 -1.52
2404 0.01 -0.01 -1.52
2405 0.01 -0.02 -1.52
2406 0.01 -0.02 -1.52
2407 0.01 -0.02 -1.52
2408 0.01 -0.02 -1.52
2409 0.01 -0.02 -1.52
2410 0.01 -0.02 -1.52
2411 0.01 -0.02 -1.52
2412 0.01 -0.03 -1.52
2413 0.01 -0.03 -1.52
2414 0.01 -0.03 -1.52
2415 0.01 -0.03 -1.52
2416 0.01 -0.03 -1.52
2417 0.01 -0.03 -1.52
2418 0.01 -0.03 -1.52
2419 0.01 -0.03 -1.52
2420 0.01 -0.03 -1.52
2421 0.01 -0.03 -1.52
2422 0.01 -0.03 -1.52
2423 0.01 -0.04 -1.52
2424 0.01 -0.04 -1.52
2425 0.01 -0.04 -1.52
2426 0.01 -0.04 -1.52
2427 0.01 -0.04 -1.52
2428 0.01 -0.04 -1.52
2429 0.01 -0.04 -1.52
2430 0.01 -0.04 -1.52
2431 0.01 -0.04 -1.51
2432 0.01 -0.04 -1.51
2433 0.01 -0.04 -1.50
2434 0.01 -0.04 -1.50
2435 0.01 -0.04 -1.49
2436 0.01 -0.04 -1.49
2437 0.01 -0.04 -1.48
2438 0.01 -0.04 -1.47
2439 0.01 -0.04 -1.47
2440 0.01 -0.04 -1.46
2441 0.01 -0.04 -1.45
2442 0.01 -0.04 -1.44
2443 0.01 -0.04 -1.43
2444 0.01 -0.04 -1.43
2445 0.01 -0.04 -1.42
2446 0.01 -0.04 -1.41
2447 0.01 -0.04 -1.40
2448 0.01 -0.04 -1.39
2449 0.01 -0.04 -1.37
2450 0.01 -0.04 -1.36
2451 0.01 -0.04 -1.35
2452 0.01 -0.04 -1.34
2453 0.01 -0.04 -1.33
2454 0.01 -0.04 -1.31
2455 0.01 -0.04 -1.30
2456 0.01 -0.04 -1.29
2457 0.01 -0.04 -1.27
2458 0.01 -0.04 -1.26
2459 0.01 -0.04 -1.24
2460 0.01 -0.04 -1.23
2461 0.01 -0.04 -1.21
2462 0.01 -0.04 -1.19
2463 0.01 -0.04 -1.18
2464 0.01 -0.04 -1.16
2465 0.01 -0.04 -1.15
2466 0.01 -0.04 -1.13
2467 0.01 -0.04 -1.12
2468 0.01 -0.04 -1.10
2469 0.01 -0.04 -1.09
2470 0.01 -0.04 -1.07
2471 0.01 -0.04 -1.05
2472 0.01 -0.04 -1.04
2473 0.01 -0.04 -1.02
2474 0.01 -0.04 -1.01
2475 0.01 -0.04 -0.99
2476 0.01 -0.04 -0.98
2477 0.01 -0.04 -0.96
2478 0.01 -0.04 -0.94
2479 0.01 -0.04 -0.93
2480 0.01 -0.04 -0.91
2481 0.01 -0.04 -0.90
2482 0.01 -0.04 -0.88
2483 0.01 -0.04 -0.87
2484 0.01 -0.04 -0.85
2485 0.01 -0.04 -0.84
2486 0.01 -0.04 -0.82
2487 0.01 -0.04 -0.80
2488 0.01 -0.04 -0.79
2489 0.01 -0.04 -0.77
2490 0.01 -0.04 -0.76
2491 0.01 -0.04 -0.74
2492 0.01 -0.04 -0.73
2493 0.01 -0.04 -0.71
2494 0.01 -0.04 -0.69
2495 0.01 -0.04 -0.68
2496 0.01 -0.04 -0.66
2497 0.01 -0.04 -0.65
2498 0.01 -0.04 -0.63
2499 0.01 -0.04 -0.62
2500 0.01 -0.04 -0.60
2501 0.01 -0.04 -0.58
2502 0.01 -0.04 -0.57
2503 0.01 -0.04 -0.55
2504 0.01 -0.04 -0.54
2505 0.01 -0.04 -0.52
2506 0.01 -0.04 -0.51
2507 0.01 -0.04 -0.49
2508 0.01 -0.04 -0.48
2509 0.01 -0.04 -0.46
2510 0.01 -0.04 -0.44
2511 0.01 -0.04 -0.43
2512 0.01 -0.04 -0.41
2513 0.01 -0.04 -0.40
2514 0.01 -0.04 -0.38
2515 0.01 -0.04 -0.37
2516 0.01 -0.04 -0.35
2517 0.01 -0.04 -0.34
2518 0.01 -0.04 -0.32
2519 0.01 -0.04 -0.30
2520 0.01 -0.04 -0.29
2521 0.01 -0.04 -0.27
2522 0.01 -0.04 -0.26
2523 0.01 -0.04 -0.24
2524 0.01 -0.04 -0.23
2525 0.01 -0.04 -0.21
2526 0.01 -0.04 -0.19
2527 0.01 -0.04 -0.18
2528 0.01 -0.04 -0.16
2529 0.01 -0.04 -0.15
2530 0.01 -0.04 -0.13
2531 0.01 -0.04 -0.12
2532 0.01 -0.04 -0.10
2533 0.01 -0.04 -0.09
2534 0.01 -0.04 -0.07
2535 0.01 -0.04 -0.06
2536 0.01 -0.04 -0.04
2537 0.01 -0.04 -0.03
2538 0.01 -0.04 -0.01
2539 0.01 -0.04 -0.00
2540 0.01 -0.04 0.01
2541 0.01 -0.04 0.02
2542 0.01 -0.04 0.04
2543 0.01 -0.04 0.05
2544 0.01 -0.04 0.06
