0 0.00 0.00 0.00
1 0.00 0.00 0.00
2 0.00 0.00 0.00
3 0.00 0.00 0.00
4 0.00 0.00 0.00
5 0.00 -0.00 -0.00
6 0.00 -0.00 -0.00
7 0.00 -0.00 -0.00
8 0.00 -0.00 -0.00
9 0.00 -0.00 -0.00
10 0.00 -0.00 -0.00
11 0.00 -0.00 -0.00
12 0.00 -0.00 -0.00
13 0.00 -0.00 -0.00
14 0.00 -0.00 -0.00
15 0.00 -0.00 -0.00
16 0.00 -0.00 -0.00
17 0.00 -0.00 -0.00
18 0.01 -0.00 -0.00
19 0.01 -0.00 -0.00
20 0.01 -0.00 -0.00
21 0.01 -0.00 -0.00
22 0.01 -0.00 -0.00
23 0.01 -0.00 -0.00
24 0.01 -0.00 -0.00
25 0.01 -0.00 -0.00
26 0.01 -0.00 -0.00
27 0.01 -0.00 -0.00
28 0.02 -0.00 -0.00
29 0.02 -0.00 -0.00
30 0.02 -0.00 -0.00
31 0.02 -0.00 -0.00
32 0.02 -0.00 -0.00
33 0.02 -0.00 -0.00
34 0.02 -0.00 -0.00
35 0.03 -0.00 -0.00
36 0.03 -0.00 -0.00
37 0.03 -0.00 -0.00
38 0.03 -0.00 -0.00
39 0.03 -0.00 -0.00
40 0.03 -0.00 -0.00
41 0.04 -0.00 -0.00
42 0.04 -0.00 -0.00
43 0.04 -0.00 -0.00
44 0.04 -0.00 -0.00
45 0.04 -0.00 -0.00
46 0.05 -0.00 -0.00
47 0.05 -0.00 -0.00
48 0.05 -0.00 -0.00
49 0.05 -0.00 -0.00
50 0.05 -0.00 -0.00
51 0.06 -0.00 -0.00
52 0.06 -0.00 -0.00
53 0.06 -0.00 -0.00
54 0.06 -0.00 -0.00
55 0.07 -0.00 -0.00
56 0.07 -0.00 -0.00
57 0.07 -0.00 -0.00
58 0.08 -0.00 -0.00
59 0.08 -0.00 -0.00
60 0.08 -0.00 -0.00
61 0.08 -0.00 -0.00
62 0.09 -0.00 -0.00
63 0.09 -0.00 -0.00
64 0.09 -0.00 -0.00
65 0.10 -0.00 -0.00
66 0.10 -0.00 -0.00
67 0.10 -0.00 -0.00
68 0.11 -0.00 -0.00
69 0.11 -0.00 -0.00
70 0.11 -0.00 -0.00
71 0.12 -0.00 -0.00
72 0.12 -0.00 -0.00
73 0.12 -0.00 -0.00
74 0.13 -0.00 -0.00
75 0.13 -0.00 -0.00
76 0.13 -0.00 -0.00
77 0.14 -0.00 -0.00
78 0.14 -0.00 -0.00
79 0.14 -0.00 -0.00
80 0.15 -0.00 -0.00
81 0.15 -0.00 -0.00
82 0.16 -0.00 -0.00
83 0.16 -0.00 -0.00
84 0.16 -0.00 -0.00
85 0.17 -0.00 -0.00
86 0.17 -0.00 -0.00
87 0.18 -0.00 -0.00
88 0.18 -0.00 -0.00
89 0.18 -0.00 -0.00
90 0.19 -0.00 -0.00
91 0.19 -0.00 -0.00
92 0.20 -0.00 -0.00
93 0.20 -0.00 -0.00
94 0.20 -0.00 -0.00
95 0.21 -0.00 -0.00
96 0.21 -0.00 -0.00
97 0.22 -0.00 -0.00
98 0.22 -0.00 -0.00
99 0.22 -0.00 -0.00
100 0.23 -0.00 -0.00
101 0.23 -0.00 -0.00
102 0.24 -0.00 -0.00
103 0.24 -0.00 -0.00
104 0.24 -0.00 -0.00
105 0.25 -0.00 -0.00
106 0.25 -0.00 -0.00
107 0.26 -0.00 -0.00
108 0.26 -0.00 -0.00
109 0.26 -0.00 -0.00
110 0.27 -0.00 -0.00
111 0.27 -0.00 -0.00
112 0.28 -0.00 -0.00
113 0.28 -0.00 -0.00
114 0.28 -0.00 -0.00
115 0.29 -0.00 -0.00
116 0.29 -0.00 -0.00
117 0.30 -0.00 -0.00
118 0.30 -0.00 -0.00
119 0.30 -0.00 -0.00
120 0.31 -0.00 -0.00
121 0.31 -0.00 -0.00
122 0.32 -0.00 -0.00
123 0.32 -0.00 -0.00
124 0.32 -0.00 -0.00
125 0.33 -0.00 -0.00
126 0.33 -0.00 -0.00
127 0.34 -0.00 -0.00
128 0.34 -0.00 -0.00
129 0.34 -0.00 -0.00
130 0.35 -0.00 -0.00
131 0.35 -0.00 -0.00
132 0.36 -0.00 -0.00
133 0.36 -0.00 -0.00
134 0.36 -0.00 -0.00
135 0.37 -0.00 -0.00
136 0.37 -0.00 -0.00
137 0.38 -0.00 -0.00
138 0.38 -0.00 -0.00
139 0.38 -0.00 -0.00
140 0.39 -0.00 -0.00
141 0.39 -0.00 -0.00
142 0.40 -0.00 -0.00
143 0.40 -0.00 -0.00
144 0.40 -0.00 -0.00
145 0.41 -0.00 -0.00
146 0.41 -0.00 -0.00
147 0.42 -0.00 -0.00
148 0.42 -0.00 -0.00
149 0.42 -0.00 -0.00
150 0.43 -0.00 -0.00
151 0.43 -0.00 -0.00
152 0.44 -0.00 -0.00
153 0.44 -0.00 -0.00
154 0.44 -0.00 -0.00
155 0.45 -0.00 -0.00
156 0.45 -0.00 -0.00
157 0.46 -0.00 -0.00
158 0.46 -0.00 -0.00
159 0.46 -0.00 -0.00
160 0.47 -0.00 -0.00
161 0.47 -0.00 -0.00
162 0.48 -0.00 -0.00
163 0.48 -0.00 -0.00
164 0.48 -0.00 -0.00
165 0.49 -0.00 -0.00
166 0.49 -0.00 -0.00
167 0.50 -0.00 -0.00
168 0.50 -0.00 -0.00
169 0.50 -0.00 -0.00
170 0.51 -0.00 -0.00
171 0.51 -0.00 -0.00
172 0.52 -0.00 -0.00
173 0.52 -0.00 -0.00
174 0.52 -0.00 -0.00
175 0.53 -0.00 -0.00
176 0.53 -0.00 -0.00
177 0.54 -0.00 -0.00
178 0.54 -0.00 -0.00
179 0.54 -0.00 -0.00
180 0.55 -0.00 -0.00
181 0.55 -0.00 -0.00
182 0.56 -0.00 -0.00
183 0.56 -0.00 -0.00
184 0.56 -0.00 -0.00
185 0.57 -0.00 -0.00
186 0.57 -0.00 -0.00
187 0.58 -0.00 -0.00
188 0.58 -0.00 -0.00
189 0.58 -0.00 -0.00
190 0.59 -0.00 -0.00
191 0.59 -0.00 -0.00
192 0.60 -0.00 -0.00
193 0.60 -0.00 -0.00
194 0.60 -0.00 -0.00
195 0.61 -0.00 -0.00
196 0.61 -0.00 -0.00
197 0.62 -0.00 -0.00
198 0.62 -0.00 -0.00
199 0.62 -0.00 -0.00
200 0.63 -0.00 -0.00
201 0.63 -0.00 -0.00
202 0.64 -0.00 -0.00
203 0.64 -0.00 -0.00
204 0.64 -0.00 -0.00
205 0.65 -0.00 -0.00
206 0.65 -0.00 -0.00
207 0.66 -0.00 -0.00
208 0.66 -0.00 -0.00
209 0.66 -0.00 -0.00
210 0.67 -0.00 -0.00
211 0.67 -0.00 -0.00
212 0.68 -0.00 -0.00
213 0.68 -0.00 -0.00
214 0.68 -0.00 -0.00
215 0.69 -0.00 -0.00
216 0.69 -0.00 -0.00
217 0.70 -0.00 -0.00
218 0.70 -0.00 -0.00
219 0.70 -0.00 -0.00
220 0.71 -0.00 -0.00
221 0.71 -0.00 -0.00
222 0.72 -0.00 -0.00
223 0.72 -0.00 -0.00
224 0.72 -0.00 -0.00
225 0.73 -0.00 -0.00
226 0.73 -0.00 -0.00
227 0.74 -0.00 -0.00
228 0.74 -0.00 -0.00
229 0.74 -0.00 -0.00
230 0.75 -0.00 -0.00
231 0.75 -0.00 -0.00
232 0.76 -0.00 -0.00
233 0.76 -0.00 -0.00
234 0.76 -0.00 -0.00
235 0.77 -0.00 -0.00
236 0.77 -0.00 -0.00
237 0.78 -0.00 -0.00
238 0.78 -0.00 -0.00
239 0.78 -0.00 -0.00
240 0.79 -0.00 -0.00
241 0.79 -0.00 -0.00
242 0.80 -0.00 -0.00
243 0.80 -0.00 -0.00
244 0.80 -0.00 -0.00
245 0.81 -0.00 -0.00
246 0.81 -0.00 -0.00
247 0.82 -0.00 -0.00
248 0.82 -0.00 -0.00
249 0.82 -0.00 -0.00
250 0.83 -0.00 -0.00
251 0.83 -0.00 -0.00
252 0.84 -0.00 -0.00
253 0.84 -0.00 -0.00
254 0.84 -0.00 -0.00
255 0.85 -0.00 -0.00
256 0.85 -0.00 -0.00
257 0.86 -0.00 -0.00
258 0.86 -0.00 -0.00
259 0.86 -0.00 -0.00
260 0.87 -0.00 -0.00
261 0.87 -0.00 -0.00
262 0.87 -0.00 -0.00
263 0.88 -0.00 -0.00
264 0.88 -0.00 -0.00
265 0.89 -0.00 -0.00
266 0.89 -0.00 -0.00
267 0.89 -0.00 -0.00
268 0.90 -0.00 -0.00
269 0.90 -0.00 -0.00
270 0.90 -0.00 -0.00
271 0.91 -0.00 -0.00
272 0.91 -0.00 -0.00
273 0.91 -0.00 -0.00
274 0.91 -0.00 -0.00
275 0.92 -0.00 -0.00
276 0.92 -0.00 -0.00
277 0.92 -0.00 -0.00
278 0.93 -0.00 -0.00
279 0.93 -0.00 -0.00
280 0.93 -0.00 -0.00
281 0.93 -0.00 -0.00
282 0.94 -0.00 -0.00
283 0.94 -0.00 -0.00
284 0.94 -0.00 -0.00
285 0.95 -0.00 -0.00
286 0.95 -0.00 -0.00
287 0.95 -0.00 -0.00
288 0.95 -0.00 -0.00
289 0.95 -0.00 -0.00
290 0.96 -0.00 -0.00
291 0.96 -0.00 -0.00
292 0.96 -0.00 -0.00
293 0.96 -0.00 -0.00
294 0.97 -0.00 -0.00
295 0.97 -0.00 -0.00
296 0.97 -0.00 -0.00
297 0.97 -0.00 -0.00
298 0.97 -0.00 -0.00
299 0.98 -0.00 -0.00
300 0.98 -0.00 -0.00
301 0.98 -0.00 -0.00
302 0.98 -0.00 -0.00
303 0.98 -0.00 -0.00
304 0.98 -0.00 -0.00
305 0.99 -0.00 -0.00
306 0.99 -0.00 -0.00
307 0.99 -0.00 -0.00
308 0.99 -0.00 -0.00
309 0.99 -0.00 -0.00
310 0.99 -0.00 -0.00
311 0.99 -0.00 -0.00
312 0.99 -0.00 -0.00
313 1.00 -0.00 -0.00
314 1.00 -0.00 -0.00
315 1.00 -0.00 -0.00
316 1.00 -0.00 -0.00
317 1.00 -0.00 -0.00
318 1.00 -0.00 -0.00
319 1.00 -0.00 -0.00
320 1.00 -0.00 -0.00
321 1.00 -0.00 -0.00
322 1.00 -0.00 -0.00
323 1.00 -0.00 -0.03
324 1.00 -0.00 -0.06
325 1.00 -0.00 -0.09
326 1.00 -0.00 -0.13
327 1.00 -0.00 -0.16
328 1.00 -0.00 -0.19
329 1.00 -0.00 -0.22
330 1.00 -0.00 -0.25
331 1.00 -0.00 -0.28
332 1.00 -0.00 -0.31
333 1.00 -0.00 -0.34
334 1.00 -0.00 -0.37
335 1.00 -0.00 -0.41
336 1.00 -0.00 -0.44
337 1.00 -0.00 -0.47
338 1.00 -0.00 -0.50
339 1.00 -0.00 -0.53
340 1.00 -0.00 -0.56
341 1.00 -0.00 -0.59
342 1.00 -0.00 -0.63
343 1.00 -0.00 -0.66
344 1.00 -0.00 -0.69
345 1.00 -0.00 -0.72
346 1.00 -0.00 -0.75
347 1.00 -0.00 -0.78
348 1.00 -0.00 -0.81
349 1.00 -0.00 -0.84
350 1.00 -0.00 -0.88
351 1.00 -0.00 -0.91
352 1.00 -0.00 -0.94
353 1.00 -0.00 -0.97
354 1.00 -0.00 -1.00
355 1.00 -0.00 -1.03
356 1.00 -0.00 -1.06
357 1.00 -0.00 -1.09
358 1.00 -0.00 -1.12
359 1.00 -0.00 -1.16
360 1.00 -0.00 -1.19
361 1.00 -0.00 -1.22
362 1.00 -0.00 -1.25
363 1.00 -0.00 -1.28
364 1.00 -0.00 -1.31
365 1.00 -0.00 -1.34
366 1.00 -0.00 -1.38
367 1.00 -0.00 -1.41
368 1.00 -0.00 -1.44
369 1.00 -0.00 -1.47
370 1.00 -0.00 -1.50
371 1.00 -0.00 -1.53
372 1.00 -0.00 -1.56
373 1.00 -0.00 -1.59
374 1.00 -0.00 -1.63
375 1.00 -0.00 -1.66
376 1.00 -0.00 -1.66
377 1.00 -0.00 -1.69
378 1.00 -0.00 -1.69
379 1.00 -0.01 -1.69
380 1.00 -0.01 -1.69
381 1.00 -0.01 -1.69
382 1.00 -0.01 -1.69
383 1.00 -0.02 -1.69
384 1.00 -0.02 -1.69
385 1.00 -0.02 -1.69
386 1.00 -0.02 -1.69
387 1.00 -0.03 -1.69
388 1.00 -0.03 -1.69
389 1.00 -0.03 -1.69
390 1.00 -0.04 -1.69
391 1.00 -0.04 -1.69
392 1.00 -0.04 -1.69
393 1.00 -0.04 -1.69
394 1.00 -0.05 -1.69
395 1.00 -0.05 -1.69
396 1.00 -0.05 -1.69
397 1.00 -0.06 -1.69
398 0.99 -0.06 -1.69
399 0.99 -0.06 -1.69
400 0.99 -0.07 -1.69
401 0.99 -0.07 -1.69
402 0.99 -0.08 -1.69
403 0.99 -0.08 -1.69
404 0.99 -0.08 -1.69
405 0.99 -0.09 -1.69
406 0.99 -0.09 -1.69
407 0.99 -0.09 -1.69
408 0.99 -0.10 -1.69
409 0.99 -0.10 -1.69
410 0.99 -0.11 -1.69
411 0.99 -0.11 -1.69
412 0.99 -0.11 -1.69
413 0.99 -0.12 -1.69
414 0.99 -0.12 -1.69
415 0.99 -0.13 -1.69
416 0.99 -0.13 -1.69
417 0.99 -0.13 -1.69
418 0.99 -0.14 -1.69
419 0.99 -0.14 -1.69
420 0.98 -0.15 -1.69
421 0.98 -0.15 -1.69
422 0.98 -0.15 -1.69
423 0.98 -0.16 -1.69
424 0.98 -0.16 -1.69
425 0.98 -0.17 -1.69
426 0.98 -0.17 -1.69
427 0.98 -0.17 -1.69
428 0.98 -0.18 -1.69
429 0.98 -0.18 -1.69
430 0.98 -0.19 -1.69
431 0.98 -0.19 -1.69
432 0.98 -0.19 -1.69
433 0.98 -0.20 -1.69
434 0.98 -0.20 -1.69
435 0.98 -0.21 -1.69
436 0.98 -0.21 -1.69
437 0.98 -0.21 -1.69
438 0.98 -0.22 -1.69
439 0.98 -0.22 -1.69
440 0.98 -0.23 -1.69
441 0.97 -0.23 -1.69
442 0.97 -0.23 -1.69
443 0.97 -0.24 -1.69
444 0.97 -0.24 -1.69
445 0.97 -0.25 -1.69
446 0.97 -0.25 -1.69
447 0.97 -0.25 -1.69
448 0.97 -0.26 -1.69
449 0.97 -0.26 -1.69
450 0.97 -0.27 -1.69
451 0.97 -0.27 -1.69
452 0.97 -0.27 -1.69
453 0.97 -0.28 -1.69
454 0.97 -0.28 -1.69
455 0.97 -0.28 -1.69
456 0.97 -0.29 -1.69
457 0.97 -0.29 -1.69
458 0.97 -0.30 -1.69
459 0.97 -0.30 -1.69
460 0.97 -0.30 -1.69
461 0.97 -0.31 -1.69
462 0.97 -0.31 -1.69
463 0.96 -0.32 -1.69
464 0.96 -0.32 -1.69
465 0.96 -0.32 -1.69
466 0.96 -0.33 -1.69
467 0.96 -0.33 -1.69
468 0.96 -0.34 -1.69
469 0.96 -0.34 -1.69
470 0.96 -0.34 -1.69
471 0.96 -0.35 -1.69
472 0.96 -0.35 -1.69
473 0.96 -0.36 -1.69
474 0.96 -0.36 -1.69
475 0.96 -0.36 -1.69
476 0.96 -0.37 -1.69
477 0.96 -0.37 -1.69
478 0.96 -0.38 -1.69
479 0.96 -0.38 -1.69
480 0.96 -0.38 -1.69
481 0.96 -0.39 -1.69
482 0.96 -0.39 -1.69
483 0.96 -0.40 -1.69
484 0.95 -0.40 -1.69
485 0.95 -0.40 -1.69
486 0.95 -0.41 -1.69
487 0.95 -0.41 -1.69
488 0.95 -0.42 -1.69
489 0.95 -0.42 -1.69
490 0.95 -0.42 -1.69
491 0.95 -0.43 -1.69
492 0.95 -0.43 -1.69
493 0.95 -0.44 -1.69
494 0.95 -0.44 -1.69
495 0.95 -0.44 -1.69
496 0.95 -0.45 -1.69
497 0.95 -0.45 -1.69
498 0.95 -0.46 -1.69
499 0.95 -0.46 -1.69
500 0.95 -0.46 -1.69
501 0.95 -0.47 -1.69
502 0.95 -0.47 -1.69
503 0.95 -0.48 -1.69
504 0.95 -0.48 -1.69
505 0.94 -0.48 -1.69
506 0.94 -0.49 -1.69
507 0.94 -0.49 -1.69
508 0.94 -0.50 -1.69
509 0.94 -0.50 -1.69
510 0.94 -0.50 -1.69
511 0.94 -0.51 -1.69
512 0.94 -0.51 -1.69
513 0.94 -0.52 -1.69
514 0.94 -0.52 -1.69
515 0.94 -0.52 -1.69
516 0.94 -0.53 -1.69
517 0.94 -0.53 -1.69
518 0.94 -0.54 -1.69
519 0.94 -0.54 -1.69
520 0.94 -0.54 -1.69
521 0.94 -0.55 -1.69
522 0.94 -0.55 -1.69
523 0.94 -0.55 -1.69
524 0.94 -0.56 -1.69
525 0.94 -0.56 -1.69
526 0.94 -0.57 -1.69
527 0.93 -0.57 -1.69
528 0.93 -0.57 -1.69
529 0.93 -0.58 -1.69
530 0.93 -0.58 -1.69
531 0.93 -0.59 -1.69
532 0.93 -0.59 -1.69
533 0.93 -0.59 -1.69
534 0.93 -0.60 -1.69
535 0.93 -0.60 -1.69
536 0.93 -0.61 -1.69
537 0.93 -0.61 -1.69
538 0.93 -0.61 -1.69
539 0.93 -0.62 -1.69
540 0.93 -0.62 -1.69
541 0.93 -0.63 -1.69
542 0.93 -0.63 -1.69
543 0.93 -0.63 -1.69
544 0.93 -0.64 -1.69
545 0.93 -0.64 -1.69
546 0.93 -0.65 -1.69
547 0.93 -0.65 -1.69
548 0.92 -0.65 -1.69
549 0.92 -0.66 -1.69
550 0.92 -0.66 -1.69
551 0.92 -0.67 -1.69
552 0.92 -0.67 -1.69
553 0.92 -0.67 -1.69
554 0.92 -0.68 -1.69
555 0.92 -0.68 -1.69
556 0.92 -0.69 -1.69
557 0.92 -0.69 -1.69
558 0.92 -0.69 -1.69
559 0.92 -0.70 -1.69
560 0.92 -0.70 -1.69
561 0.92 -0.71 -1.69
562 0.92 -0.71 -1.69
563 0.92 -0.71 -1.69
564 0.92 -0.72 -1.69
565 0.92 -0.72 -1.69
566 0.92 -0.73 -1.69
567 0.92 -0.73 -1.69
568 0.92 -0.73 -1.69
569 0.92 -0.74 -1.69
570 0.91 -0.74 -1.69
571 0.91 -0.75 -1.69
572 0.91 -0.75 -1.69
573 0.91 -0.75 -1.69
574 0.91 -0.76 -1.69
575 0.91 -0.76 -1.69
576 0.91 -0.77 -1.69
577 0.91 -0.77 -1.69
578 0.91 -0.77 -1.69
579 0.91 -0.78 -1.69
580 0.91 -0.78 -1.69
581 0.91 -0.79 -1.69
582 0.91 -0.79 -1.69
583 0.91 -0.79 -1.69
584 0.91 -0.80 -1.69
585 0.91 -0.80 -1.69
586 0.91 -0.81 -1.69
587 0.91 -0.81 -1.69
588 0.91 -0.81 -1.69
589 0.91 -0.82 -1.69
590 0.91 -0.82 -1.69
591 0.90 -0.83 -1.69
592 0.90 -0.83 -1.69
593 0.90 -0.83 -1.69
594 0.90 -0.84 -1.69
595 0.90 -0.84 -1.69
596 0.90 -0.85 -1.69
597 0.90 -0.85 -1.69
598 0.90 -0.85 -1.69
599 0.90 -0.86 -1.69
600 0.90 -0.86 -1.69
601 0.90 -0.86 -1.69
602 0.90 -0.87 -1.69
603 0.90 -0.87 -1.69
604 0.90 -0.87 -1.69
605 0.90 -0.88 -1.69
606 0.90 -0.88 -1.69
607 0.90 -0.89 -1.69
608 0.90 -0.89 -1.69
609 0.90 -0.89 -1.69
610 0.90 -0.90 -1.69
611 0.90 -0.90 -1.69
612 0.90 -0.90 -1.69
613 0.90 -0.90 -1.69
614 0.90 -0.91 -1.69
615 0.89 -0.91 -1.69
616 0.89 -0.91 -1.69
617 0.89 -0.92 -1.69
618 0.89 -0.92 -1.69
619 0.89 -0.92 -1.69
620 0.89 -0.92 -1.69
621 0.89 -0.93 -1.69
622 0.89 -0.93 -1.69
623 0.89 -0.93 -1.69
624 0.89 -0.94 -1.69
625 0.89 -0.94 -1.69
626 0.89 -0.94 -1.69
627 0.89 -0.94 -1.69
628 0.89 -0.95 -1.69
629 0.89 -0.95 -1.69
630 0.89 -0.95 -1.69
631 0.89 -0.95 -1.69
632 0.89 -0.95 -1.69
633 0.89 -0.96 -1.69
634 0.89 -0.96 -1.69
635 0.89 -0.96 -1.69
636 0.89 -0.96 -1.69
637 0.89 -0.96 -1.69
638 0.89 -0.97 -1.69
639 0.89 -0.97 -1.69
640 0.89 -0.97 -1.69
641 0.89 -0.97 -1.69
642 0.89 -0.97 -1.69
643 0.89 -0.97 -1.69
644 0.89 -0.98 -1.69
645 0.89 -0.98 -1.69
646 0.89 -0.98 -1.69
647 0.89 -0.98 -1.69
648 0.89 -0.98 -1.69
649 0.89 -0.98 -1.69
650 0.89 -0.98 -1.69
651 0.89 -0.99 -1.69
652 0.89 -0.99 -1.69
653 0.89 -0.99 -1.69
654 0.89 -0.99 -1.69
655 0.89 -0.99 -1.69
656 0.89 -0.99 -1.69
657 0.89 -0.99 -1.69
658 0.89 -0.99 -1.69
659 0.88 -0.99 -1.69
660 0.88 -0.99 -1.69
661 0.88 -0.99 -1.69
662 0.88 -1.00 -1.69
663 0.88 -1.00 -1.69
664 0.88 -1.00 -1.69
665 0.88 -1.00 -1.72
666 0.88 -1.00 -1.75
667 0.88 -1.00 -1.78
668 0.88 -1.00 -1.81
669 0.88 -1.00 -1.84
670 0.88 -1.00 -1.88
671 0.88 -1.00 -1.91
672 0.88 -1.00 -1.94
673 0.88 -1.00 -1.97
674 0.88 -1.00 -2.00
675 0.88 -1.00 -2.03
676 0.88 -1.00 -2.06
677 0.88 -1.00 -2.09
678 0.88 -1.00 -2.12
679 0.88 -1.00 -2.16
680 0.88 -1.00 -2.19
681 0.88 -1.00 -2.22
682 0.88 -1.00 -2.25
683 0.88 -1.00 -2.28
684 0.88 -1.00 -2.31
685 0.88 -1.00 -2.34
686 0.88 -1.00 -2.38
687 0.88 -1.00 -2.41
688 0.88 -1.00 -2.44
689 0.88 -1.00 -2.47
690 0.88 -1.00 -2.50
691 0.88 -1.00 -2.53
692 0.88 -1.00 -2.56
693 0.88 -1.00 -2.59
694 0.88 -1.00 -2.63
695 0.88 -1.00 -2.66
696 0.88 -1.00 -2.69
697 0.88 -1.00 -2.72
698 0.88 -1.00 -2.75
699 0.88 -1.00 -2.78
700 0.88 -1.00 -2.81
701 0.88 -1.00 -2.84
702 0.88 -1.00 -2.87
703 0.88 -1.00 -2.91
704 0.88 -1.00 -2.94
705 0.88 -1.00 -2.97
706 0.88 -1.00 -3.00
707 0.88 -1.00 -3.03
708 0.88 -1.00 -3.06
709 0.88 -1.00 -3.09
710 0.88 -1.00 -3.13
711 0.88 -1.00 3.13
712 0.88 -1.00 3.10
713 0.88 -1.00 3.06
714 0.88 -1.00 3.06
715 0.88 -1.00 3.03
716 0.88 -1.00 3.03
717 0.88 -0.99 3.03
718 0.88 -0.99 3.03
719 0.87 -0.99 3.03
720 0.87 -0.99 3.03
721 0.87 -0.99 3.03
722 0.87 -0.99 3.03
723 0.86 -0.99 3.03
724 0.86 -0.99 3.03
725 0.86 -0.99 3.03
726 0.86 -0.99 3.03
727 0.85 -0.99 3.03
728 0.85 -0.99 3.03
729 0.85 -0.99 3.03
730 0.84 -0.99 3.03
731 0.84 -0.99 3.03
732 0.84 -0.99 3.03
733 0.83 -0.99 3.03
734 0.83 -0.99 3.03
735 0.83 -0.99 3.03
736 0.82 -0.99 3.03
737 0.82 -0.99 3.03
738 0.82 -0.99 3.03
739 0.81 -0.99 3.03
740 0.81 -0.99 3.03
741 0.81 -0.99 3.03
742 0.80 -0.99 3.03
743 0.80 -0.99 3.03
744 0.79 -0.99 3.03
745 0.79 -0.99 3.03
746 0.79 -0.98 3.03
747 0.78 -0.98 3.03
748 0.78 -0.98 3.03
749 0.77 -0.98 3.03
750 0.77 -0.98 3.03
751 0.77 -0.98 3.03
752 0.76 -0.98 3.03
753 0.76 -0.98 3.03
754 0.76 -0.98 3.03
755 0.75 -0.98 3.03
756 0.75 -0.98 3.03
757 0.74 -0.98 3.03
758 0.74 -0.98 3.03
759 0.74 -0.98 3.03
760 0.73 -0.98 3.03
761 0.73 -0.98 3.03
762 0.72 -0.98 3.03
763 0.72 -0.98 3.03
764 0.72 -0.98 3.03
765 0.71 -0.98 3.03
766 0.71 -0.98 3.03
767 0.70 -0.98 3.03
768 0.70 -0.98 3.03
769 0.70 -0.97 3.03
770 0.69 -0.97 3.03
771 0.69 -0.97 3.03
772 0.68 -0.97 3.03
773 0.68 -0.97 3.03
774 0.68 -0.97 3.03
775 0.67 -0.97 3.03
776 0.67 -0.97 3.03
777 0.66 -0.97 3.03
778 0.66 -0.97 3.03
779 0.66 -0.97 3.03
780 0.65 -0.97 3.03
781 0.65 -0.97 3.03
782 0.64 -0.97 3.03
783 0.64 -0.97 3.03
784 0.64 -0.97 3.03
785 0.63 -0.97 3.03
786 0.63 -0.97 3.03
787 0.62 -0.97 3.03
788 0.62 -0.97 3.03
789 0.62 -0.97 3.03
790 0.61 -0.97 3.03
791 0.61 -0.97 3.03
792 0.60 -0.96 3.03
793 0.60 -0.96 3.03
794 0.60 -0.96 3.03
795 0.59 -0.96 3.03
796 0.59 -0.96 3.03
797 0.58 -0.96 3.03
798 0.58 -0.96 3.03
799 0.58 -0.96 3.03
800 0.57 -0.96 3.03
801 0.57 -0.96 3.03
802 0.56 -0.96 3.03
803 0.56 -0.96 3.03
804 0.56 -0.96 3.03
805 0.55 -0.96 3.03
806 0.55 -0.96 3.03
807 0.54 -0.96 3.03
808 0.54 -0.96 3.03
809 0.54 -0.96 3.03
810 0.53 -0.96 3.03
811 0.53 -0.96 3.03
812 0.52 -0.96 3.03
813 0.52 -0.96 3.03
814 0.52 -0.96 3.03
815 0.51 -0.95 3.03
816 0.51 -0.95 3.03
817 0.50 -0.95 3.03
818 0.50 -0.95 3.03
819 0.50 -0.95 3.03
820 0.49 -0.95 3.03
821 0.49 -0.95 3.03
822 0.48 -0.95 3.03
823 0.48 -0.95 3.03
824 0.48 -0.95 3.03
825 0.47 -0.95 3.03
826 0.47 -0.95 3.03
827 0.46 -0.95 3.03
828 0.46 -0.95 3.03
829 0.46 -0.95 3.03
830 0.45 -0.95 3.03
831 0.45 -0.95 3.03
832 0.44 -0.95 3.03
833 0.44 -0.95 3.03
834 0.44 -0.95 3.03
835 0.43 -0.95 3.03
836 0.43 -0.95 3.03
837 0.43 -0.95 3.03
838 0.42 -0.94 3.03
839 0.42 -0.94 3.03
840 0.41 -0.94 3.03
841 0.41 -0.94 3.03
842 0.41 -0.94 3.03
843 0.40 -0.94 3.03
844 0.40 -0.94 3.03
845 0.39 -0.94 3.03
846 0.39 -0.94 3.03
847 0.39 -0.94 3.03
848 0.38 -0.94 3.03
849 0.38 -0.94 3.03
850 0.37 -0.94 3.03
851 0.37 -0.94 3.03
852 0.37 -0.94 3.03
853 0.36 -0.94 3.03
854 0.36 -0.94 3.03
855 0.35 -0.94 3.03
856 0.35 -0.94 3.03
857 0.35 -0.94 3.03
858 0.34 -0.94 3.03
859 0.34 -0.94 3.03
860 0.33 -0.94 3.03
861 0.33 -0.93 3.03
862 0.33 -0.93 3.03
863 0.32 -0.93 3.03
864 0.32 -0.93 3.03
865 0.31 -0.93 3.03
866 0.31 -0.93 3.03
867 0.31 -0.93 3.03
868 0.30 -0.93 3.03
869 0.30 -0.93 3.03
870 0.29 -0.93 3.03
871 0.29 -0.93 3.03
872 0.29 -0.93 3.03
873 0.28 -0.93 3.03
874 0.28 -0.93 3.03
875 0.27 -0.93 3.03
876 0.27 -0.93 3.03
877 0.27 -0.93 3.03
878 0.26 -0.93 3.03
879 0.26 -0.93 3.03
880 0.25 -0.93 3.03
881 0.25 -0.93 3.03
882 0.25 -0.93 3.03
883 0.24 -0.93 3.03
884 0.24 -0.92 3.03
885 0.23 -0.92 3.03
886 0.23 -0.92 3.03
887 0.23 -0.92 3.03
888 0.22 -0.92 3.03
889 0.22 -0.92 3.03
890 0.21 -0.92 3.03
891 0.21 -0.92 3.03
892 0.21 -0.92 3.03
893 0.20 -0.92 3.03
894 0.20 -0.92 3.03
895 0.19 -0.92 3.03
896 0.19 -0.92 3.03
897 0.19 -0.92 3.03
898 0.18 -0.92 3.03
899 0.18 -0.92 3.03
900 0.17 -0.92 3.03
901 0.17 -0.92 3.03
902 0.17 -0.92 3.03
903 0.16 -0.92 3.03
904 0.16 -0.92 3.03
905 0.15 -0.92 3.03
906 0.15 -0.92 3.03
907 0.15 -0.91 3.03
908 0.14 -0.91 3.03
909 0.14 -0.91 3.03
910 0.13 -0.91 3.03
911 0.13 -0.91 3.03
912 0.13 -0.91 3.03
913 0.12 -0.91 3.03
914 0.12 -0.91 3.03
915 0.11 -0.91 3.03
916 0.11 -0.91 3.03
917 0.11 -0.91 3.03
918 0.10 -0.91 3.03
919 0.10 -0.91 3.03
920 0.10 -0.91 3.03
921 0.09 -0.91 3.03
922 0.09 -0.91 3.03
923 0.08 -0.91 3.03
924 0.08 -0.91 3.03
925 0.08 -0.91 3.03
926 0.07 -0.91 3.03
927 0.07 -0.91 3.03
928 0.06 -0.91 3.03
929 0.06 -0.91 3.03
930 0.06 -0.90 3.03
931 0.05 -0.90 3.03
932 0.05 -0.90 3.03
933 0.04 -0.90 3.03
934 0.04 -0.90 3.03
935 0.04 -0.90 3.03
936 0.03 -0.90 3.03
937 0.03 -0.90 3.03
938 0.02 -0.90 3.03
939 0.02 -0.90 3.03
940 0.02 -0.90 3.03
941 0.01 -0.90 3.03
942 0.01 -0.90 3.03
943 0.01 -0.90 3.03
944 0.00 -0.90 3.03
945 -0.00 -0.90 3.03
946 -0.00 -0.90 3.03
947 -0.01 -0.90 3.03
948 -0.01 -0.90 3.03
949 -0.01 -0.90 3.03
950 -0.02 -0.90 3.03
951 -0.02 -0.90 3.03
952 -0.02 -0.90 3.03
953 -0.03 -0.90 3.03
954 -0.03 -0.90 3.03
955 -0.03 -0.90 3.03
956 -0.03 -0.89 3.03
957 -0.04 -0.89 3.03
958 -0.04 -0.89 3.03
959 -0.04 -0.89 3.03
960 -0.05 -0.89 3.03
961 -0.05 -0.89 3.03
962 -0.05 -0.89 3.03
963 -0.05 -0.89 3.03
964 -0.06 -0.89 3.03
965 -0.06 -0.89 3.03
966 -0.06 -0.89 3.03
967 -0.06 -0.89 3.03
968 -0.07 -0.89 3.03
969 -0.07 -0.89 3.03
970 -0.07 -0.89 3.03
971 -0.07 -0.89 3.03
972 -0.07 -0.89 3.03
973 -0.08 -0.89 3.03
974 -0.08 -0.89 3.03
975 -0.08 -0.89 3.03
976 -0.08 -0.89 3.03
977 -0.08 -0.89 3.03
978 -0.09 -0.89 3.03
979 -0.09 -0.89 3.03
980 -0.09 -0.89 3.03
981 -0.09 -0.89 3.03
982 -0.09 -0.89 3.03
983 -0.09 -0.89 3.03
984 -0.09 -0.89 3.03
985 -0.10 -0.89 3.03
986 -0.10 -0.89 3.03
987 -0.10 -0.89 3.03
988 -0.10 -0.89 3.03
989 -0.10 -0.89 3.03
990 -0.10 -0.89 3.03
991 -0.10 -0.89 3.03
992 -0.10 -0.89 3.03
993 -0.11 -0.89 3.03
994 -0.11 -0.89 3.03
995 -0.11 -0.89 3.03
996 -0.11 -0.89 3.03
997 -0.11 -0.89 3.03
998 -0.11 -0.89 3.03
999 -0.11 -0.89 3.03
1000 -0.11 -0.89 3.03
1001 -0.11 -0.89 3.03
1002 -0.11 -0.89 3.03
1003 -0.11 -0.89 3.00
1004 -0.11 -0.89 2.97
1005 -0.11 -0.89 2.94
1006 -0.11 -0.89 2.91
1007 -0.11 -0.89 2.88
1008 -0.11 -0.89 2.85
1009 -0.11 -0.89 2.81
1010 -0.11 -0.89 2.78
1011 -0.11 -0.89 2.75
1012 -0.11 -0.89 2.72
1013 -0.11 -0.89 2.69
1014 -0.11 -0.89 2.66
1015 -0.11 -0.89 2.63
1016 -0.11 -0.89 2.60
1017 -0.11 -0.89 2.56
1018 -0.11 -0.89 2.53
1019 -0.11 -0.89 2.50
1020 -0.11 -0.89 2.47
1021 -0.11 -0.89 2.44
1022 -0.11 -0.89 2.41
1023 -0.11 -0.89 2.38
1024 -0.11 -0.89 2.35
1025 -0.11 -0.89 2.31
1026 -0.11 -0.89 2.28
1027 -0.11 -0.89 2.25
1028 -0.11 -0.89 2.22
1029 -0.11 -0.89 2.19
1030 -0.11 -0.89 2.16
1031 -0.11 -0.89 2.13
1032 -0.11 -0.89 2.10
1033 -0.11 -0.89 2.06
1034 -0.11 -0.89 2.03
1035 -0.11 -0.89 2.00
1036 -0.11 -0.89 1.97
1037 -0.11 -0.89 1.94
1038 -0.11 -0.89 1.91
1039 -0.11 -0.89 1.88
1040 -0.11 -0.89 1.85
1041 -0.11 -0.89 1.81
1042 -0.11 -0.89 1.78
1043 -0.11 -0.89 1.75
1044 -0.11 -0.89 1.72
1045 -0.11 -0.89 1.69
1046 -0.11 -0.89 1.66
1047 -0.11 -0.89 1.63
1048 -0.11 -0.89 1.60
1049 -0.11 -0.89 1.56
1050 -0.11 -0.89 1.53
1051 -0.11 -0.89 1.50
1052 -0.11 -0.89 1.47
1053 -0.11 -0.89 1.44
1054 -0.11 -0.89 1.44
1055 -0.11 -0.89 1.41
1056 -0.11 -0.88 1.41
1057 -0.11 -0.88 1.41
1058 -0.11 -0.88 1.41
1059 -0.11 -0.88 1.41
1060 -0.11 -0.87 1.41
1061 -0.11 -0.87 1.41
1062 -0.11 -0.87 1.41
1063 -0.11 -0.87 1.41
1064 -0.11 -0.86 1.41
1065 -0.11 -0.86 1.41
1066 -0.11 -0.86 1.41
1067 -0.11 -0.86 1.41
1068 -0.11 -0.85 1.41
1069 -0.11 -0.85 1.41
1070 -0.10 -0.85 1.41
1071 -0.10 -0.84 1.41
1072 -0.10 -0.84 1.41
1073 -0.10 -0.84 1.41
1074 -0.10 -0.83 1.41
1075 -0.10 -0.83 1.41
1076 -0.10 -0.83 1.41
1077 -0.10 -0.82 1.41
1078 -0.10 -0.82 1.41
1079 -0.10 -0.82 1.41
1080 -0.10 -0.81 1.41
1081 -0.10 -0.81 1.41
1082 -0.10 -0.81 1.41
1083 -0.10 -0.80 1.41
1084 -0.10 -0.80 1.41
1085 -0.10 -0.80 1.41
1086 -0.10 -0.79 1.41
1087 -0.09 -0.79 1.41
1088 -0.09 -0.78 1.41
1089 -0.09 -0.78 1.41
1090 -0.09 -0.78 1.41
1091 -0.09 -0.77 1.41
1092 -0.09 -0.77 1.41
1093 -0.09 -0.77 1.41
1094 -0.09 -0.76 1.41
1095 -0.09 -0.76 1.41
1096 -0.09 -0.75 1.41
1097 -0.09 -0.75 1.41
1098 -0.09 -0.75 1.41
1099 -0.09 -0.74 1.41
1100 -0.09 -0.74 1.41
1101 -0.09 -0.73 1.41
1102 -0.09 -0.73 1.41
1103 -0.08 -0.73 1.41
1104 -0.08 -0.72 1.41
1105 -0.08 -0.72 1.41
1106 -0.08 -0.71 1.41
1107 -0.08 -0.71 1.41
1108 -0.08 -0.71 1.41
1109 -0.08 -0.70 1.41
1110 -0.08 -0.70 1.41
1111 -0.08 -0.69 1.41
1112 -0.08 -0.69 1.41
1113 -0.08 -0.69 1.41
1114 -0.08 -0.68 1.41
1115 -0.08 -0.68 1.41
1116 -0.08 -0.67 1.41
1117 -0.08 -0.67 1.41
1118 -0.07 -0.67 1.41
1119 -0.07 -0.66 1.41
1120 -0.07 -0.66 1.41
1121 -0.07 -0.65 1.41
1122 -0.07 -0.65 1.41
1123 -0.07 -0.65 1.41
1124 -0.07 -0.64 1.41
1125 -0.07 -0.64 1.41
1126 -0.07 -0.63 1.41
1127 -0.07 -0.63 1.41
1128 -0.07 -0.63 1.41
1129 -0.07 -0.62 1.41
1130 -0.07 -0.62 1.41
1131 -0.07 -0.62 1.41
1132 -0.07 -0.61 1.41
1133 -0.07 -0.61 1.41
1134 -0.06 -0.60 1.41
1135 -0.06 -0.60 1.41
1136 -0.06 -0.60 1.41
1137 -0.06 -0.59 1.41
1138 -0.06 -0.59 1.41
1139 -0.06 -0.58 1.41
1140 -0.06 -0.58 1.41
1141 -0.06 -0.58 1.41
1142 -0.06 -0.57 1.41
1143 -0.06 -0.57 1.41
1144 -0.06 -0.56 1.41
1145 -0.06 -0.56 1.41
1146 -0.06 -0.56 1.41
1147 -0.06 -0.55 1.41
1148 -0.06 -0.55 1.41
1149 -0.05 -0.54 1.41
1150 -0.05 -0.54 1.41
1151 -0.05 -0.54 1.41
1152 -0.05 -0.53 1.41
1153 -0.05 -0.53 1.41
1154 -0.05 -0.52 1.41
1155 -0.05 -0.52 1.41
1156 -0.05 -0.52 1.41
1157 -0.05 -0.51 1.41
1158 -0.05 -0.51 1.41
1159 -0.05 -0.50 1.41
1160 -0.05 -0.50 1.41
1161 -0.05 -0.50 1.41
1162 -0.05 -0.49 1.41
1163 -0.05 -0.49 1.41
1164 -0.05 -0.48 1.41
1165 -0.04 -0.48 1.41
1166 -0.04 -0.48 1.41
1167 -0.04 -0.47 1.41
1168 -0.04 -0.47 1.41
1169 -0.04 -0.47 1.41
1170 -0.04 -0.46 1.41
1171 -0.04 -0.46 1.41
1172 -0.04 -0.45 1.41
1173 -0.04 -0.45 1.41
1174 -0.04 -0.45 1.41
1175 -0.04 -0.44 1.41
1176 -0.04 -0.44 1.41
1177 -0.04 -0.43 1.41
1178 -0.04 -0.43 1.41
1179 -0.04 -0.43 1.41
1180 -0.03 -0.42 1.41
1181 -0.03 -0.42 1.41
1182 -0.03 -0.41 1.41
1183 -0.03 -0.41 1.41
1184 -0.03 -0.41 1.41
1185 -0.03 -0.40 1.41
1186 -0.03 -0.40 1.41
1187 -0.03 -0.39 1.41
1188 -0.03 -0.39 1.41
1189 -0.03 -0.39 1.41
1190 -0.03 -0.38 1.41
1191 -0.03 -0.38 1.41
1192 -0.03 -0.37 1.41
1193 -0.03 -0.37 1.41
1194 -0.03 -0.37 1.41
1195 -0.02 -0.36 1.41
1196 -0.02 -0.36 1.41
1197 -0.02 -0.35 1.41
1198 -0.02 -0.35 1.41
1199 -0.02 -0.35 1.41
1200 -0.02 -0.34 1.41
1201 -0.02 -0.34 1.41
1202 -0.02 -0.33 1.41
1203 -0.02 -0.33 1.41
1204 -0.02 -0.33 1.41
1205 -0.02 -0.32 1.41
1206 -0.02 -0.32 1.41
1207 -0.02 -0.32 1.41
1208 -0.02 -0.31 1.41
1209 -0.02 -0.31 1.41
1210 -0.02 -0.30 1.41
1211 -0.01 -0.30 1.41
1212 -0.01 -0.30 1.41
1213 -0.01 -0.29 1.41
1214 -0.01 -0.29 1.41
1215 -0.01 -0.28 1.41
1216 -0.01 -0.28 1.41
1217 -0.01 -0.28 1.41
1218 -0.01 -0.27 1.41
1219 -0.01 -0.27 1.41
1220 -0.01 -0.26 1.41
1221 -0.01 -0.26 1.41
1222 -0.01 -0.26 1.41
1223 -0.01 -0.25 1.41
1224 -0.01 -0.25 1.41
1225 -0.01 -0.24 1.41
1226 -0.00 -0.24 1.41
1227 -0.00 -0.24 1.41
1228 -0.00 -0.23 1.41
1229 -0.00 -0.23 1.41
1230 -0.00 -0.22 1.41
1231 -0.00 -0.22 1.41
1232 -0.00 -0.22 1.41
1233 -0.00 -0.21 1.41
1234 0.00 -0.21 1.41
1235 0.00 -0.20 1.41
1236 0.00 -0.20 1.41
1237 0.00 -0.20 1.41
1238 0.00 -0.19 1.41
1239 0.00 -0.19 1.41
1240 0.00 -0.18 1.41
1241 0.00 -0.18 1.41
1242 0.01 -0.18 1.41
1243 0.01 -0.17 1.41
1244 0.01 -0.17 1.41
1245 0.01 -0.17 1.41
1246 0.01 -0.16 1.41
1247 0.01 -0.16 1.41
1248 0.01 -0.15 1.41
1249 0.01 -0.15 1.41
1250 0.01 -0.15 1.41
1251 0.01 -0.14 1.41
1252 0.01 -0.14 1.41
1253 0.01 -0.13 1.41
1254 0.01 -0.13 1.41
1255 0.01 -0.13 1.41
1256 0.01 -0.12 1.41
1257 0.02 -0.12 1.41
1258 0.02 -0.11 1.41
1259 0.02 -0.11 1.41
1260 0.02 -0.11 1.41
1261 0.02 -0.10 1.41
1262 0.02 -0.10 1.41
1263 0.02 -0.09 1.41
1264 0.02 -0.09 1.41
1265 0.02 -0.09 1.41
1266 0.02 -0.08 1.41
1267 0.02 -0.08 1.41
1268 0.02 -0.07 1.41
1269 0.02 -0.07 1.41
1270 0.02 -0.07 1.41
1271 0.02 -0.06 1.41
1272 0.03 -0.06 1.41
1273 0.03 -0.05 1.41
1274 0.03 -0.05 1.41
1275 0.03 -0.05 1.41
1276 0.03 -0.04 1.41
1277 0.03 -0.04 1.41
1278 0.03 -0.04 1.41
1279 0.03 -0.03 1.41
1280 0.03 -0.03 1.41
1281 0.03 -0.02 1.41
1282 0.03 -0.02 1.41
1283 0.03 -0.02 1.41
1284 0.03 -0.01 1.41
1285 0.03 -0.01 1.41
1286 0.03 -0.01 1.41
1287 0.03 -0.00 1.41
1288 0.03 -0.00 1.41
1289 0.04 0.00 1.41
1290 0.04 0.01 1.41
1291 0.04 0.01 1.41
1292 0.04 0.01 1.41
1293 0.04 0.02 1.41
1294 0.04 0.02 1.41
1295 0.04 0.02 1.41
1296 0.04 0.02 1.41
1297 0.04 0.03 1.41
1298 0.04 0.03 1.41
1299 0.04 0.03 1.41
1300 0.04 0.04 1.41
1301 0.04 0.04 1.41
1302 0.04 0.04 1.41
1303 0.04 0.04 1.41
1304 0.04 0.05 1.41
1305 0.04 0.05 1.41
1306 0.04 0.05 1.41
1307 0.04 0.05 1.41
1308 0.04 0.05 1.41
1309 0.04 0.06 1.41
1310 0.04 0.06 1.41
1311 0.04 0.06 1.41
1312 0.05 0.06 1.41
1313 0.05 0.07 1.41
1314 0.05 0.07 1.41
1315 0.05 0.07 1.41
1316 0.05 0.07 1.41
1317 0.05 0.07 1.41
1318 0.05 0.08 1.41
1319 0.05 0.08 1.41
1320 0.05 0.08 1.41
1321 0.05 0.08 1.41
1322 0.05 0.08 1.41
1323 0.05 0.08 1.41
1324 0.05 0.08 1.41
1325 0.05 0.09 1.41
1326 0.05 0.09 1.41
1327 0.05 0.09 1.41
1328 0.05 0.09 1.41
1329 0.05 0.09 1.41
1330 0.05 0.09 1.41
1331 0.05 0.09 1.41
1332 0.05 0.10 1.41
1333 0.05 0.10 1.41
1334 0.05 0.10 1.41
1335 0.05 0.10 1.41
1336 0.05 0.10 1.41
1337 0.05 0.10 1.41
1338 0.05 0.10 1.41
1339 0.05 0.10 1.41
1340 0.05 0.10 1.41
1341 0.05 0.10 1.41
1342 0.05 0.10 1.41
1343 0.05 0.10 1.38
1344 0.05 0.10 1.35
1345 0.05 0.10 1.31
1346 0.05 0.10 1.28
1347 0.05 0.10 1.25
1348 0.05 0.10 1.22
1349 0.05 0.10 1.19
1350 0.05 0.10 1.16
1351 0.05 0.10 1.13
1352 0.05 0.10 1.10
1353 0.05 0.10 1.06
1354 0.05 0.10 1.03
1355 0.05 0.10 1.00
1356 0.05 0.10 0.97
1357 0.05 0.10 0.94
1358 0.05 0.10 0.91
1359 0.05 0.10 0.88
1360 0.05 0.10 0.85
1361 0.05 0.10 0.81
1362 0.05 0.10 0.78
1363 0.05 0.10 0.75
1364 0.05 0.10 0.72
1365 0.05 0.10 0.69
1366 0.05 0.10 0.66
1367 0.05 0.10 0.63
1368 0.05 0.10 0.60
1369 0.05 0.10 0.56
1370 0.05 0.10 0.53
1371 0.05 0.10 0.50
1372 0.05 0.10 0.47
1373 0.05 0.10 0.44
1374 0.05 0.10 0.41
1375 0.05 0.10 0.38
1376 0.05 0.10 0.35
1377 0.05 0.10 0.31
1378 0.05 0.10 0.28
1379 0.05 0.10 0.25
1380 0.05 0.10 0.22
1381 0.05 0.10 0.19
1382 0.05 0.10 0.16
1383 0.05 0.10 0.13
1384 0.05 0.10 0.10
1385 0.05 0.10 0.06
1386 0.05 0.10 0.03
1387 0.05 0.10 -0.03
1388 0.05 0.10 -0.06
1389 0.05 0.10 -0.09
1390 0.05 0.10 -0.12
1391 0.05 0.10 -0.15
1392 0.05 0.10 -0.19
