0 0.00 0.00 0.00
1 0.00 0.00 0.00
2 0.00 0.00 0.00
3 0.00 0.00 0.00
4 0.00 0.00 0.00
5 0.00 0.00 0.00
6 0.01 0.00 0.00
7 0.01 0.00 0.00
8 0.01 0.00 0.00
9 0.02 0.00 0.00
10 0.02 0.00 0.00
11 0.02 0.00 0.00
12 0.02 0.00 0.00
13 0.03 0.00 0.00
14 0.03 0.00 0.00
15 0.03 0.00 0.00
16 0.04 0.00 0.00
17 0.04 0.00 0.00
18 0.04 0.00 0.00
19 0.04 0.00 0.00
20 0.05 0.00 0.00
21 0.05 0.00 0.00
22 0.05 0.00 0.00
23 0.06 0.00 0.00
24 0.06 0.00 0.00
25 0.06 0.00 0.00
26 0.07 0.00 0.00
27 0.07 0.00 0.00
28 0.07 0.00 0.00
29 0.07 0.00 0.00
30 0.08 0.00 0.00
31 0.08 0.00 0.00
32 0.08 0.00 0.00
33 0.09 0.00 0.00
34 0.09 0.00 0.00
35 0.09 0.00 0.00
36 0.10 0.00 0.00
37 0.10 0.00 0.00
38 0.10 0.00 0.00
39 0.10 0.00 0.00
40 0.11 0.00 0.00
41 0.11 0.00 0.00
42 0.11 0.00 0.00
43 0.12 0.00 0.00
44 0.12 0.00 0.00
45 0.12 0.00 0.00
46 0.13 0.00 0.00
47 0.13 0.00 0.00
48 0.13 0.00 0.00
49 0.13 0.00 0.00
50 0.14 0.00 0.00
51 0.14 0.00 0.00
52 0.14 0.00 0.00
53 0.15 0.00 0.00
54 0.15 0.00 0.00
55 0.15 0.00 0.00
56 0.16 0.00 0.00
57 0.16 0.00 0.00
58 0.16 0.00 0.00
59 0.16 0.00 0.00
60 0.17 0.00 0.00
61 0.17 0.00 0.00
62 0.17 0.00 0.00
63 0.18 0.00 0.00
64 0.18 0.00 0.00
65 0.18 0.00 0.00
66 0.19 0.00 0.00
67 0.19 0.00 0.00
68 0.19 0.00 0.00
69 0.20 0.00 0.00
70 0.20 0.00 0.00
71 0.20 0.00 0.00
72 0.20 0.00 0.00
73 0.21 0.00 0.00
74 0.21 0.00 0.00
75 0.21 0.00 0.00
76 0.22 0.00 0.00
77 0.22 0.00 0.00
78 0.22 0.00 0.00
79 0.22 0.00 0.00
80 0.23 0.00 0.00
81 0.23 0.00 0.00
82 0.23 0.00 0.00
83 0.24 0.00 0.00
84 0.24 0.00 0.00
85 0.24 0.00 0.00
86 0.25 0.00 0.00
87 0.25 0.00 0.00
88 0.25 0.00 0.00
89 0.25 0.00 0.00
90 0.26 0.00 0.00
91 0.26 0.00 0.00
92 0.26 0.00 0.00
93 0.27 0.00 0.00
94 0.27 0.00 0.00
95 0.27 0.00 0.00
96 0.28 0.00 0.00
97 0.28 0.00 0.00
98 0.28 0.00 0.00
99 0.28 0.00 0.00
100 0.29 0.00 0.00
101 0.29 0.00 0.00
102 0.29 0.00 0.00
103 0.30 0.00 0.00
104 0.30 0.00 0.00
105 0.30 0.00 0.00
106 0.31 0.00 0.00
107 0.31 0.00 0.00
108 0.31 0.00 0.00
109 0.31 0.00 0.00
110 0.32 0.00 0.00
111 0.32 0.00 0.00
112 0.32 0.00 0.00
113 0.33 0.00 0.00
114 0.33 0.00 0.00
115 0.33 0.00 0.00
116 0.34 0.00 0.00
117 0.34 0.00 0.00
118 0.34 0.00 0.00
119 0.34 0.00 0.00
120 0.35 0.00 0.00
121 0.35 0.00 0.00
122 0.35 0.00 0.00
123 0.36 0.00 0.00
124 0.36 0.00 0.00
125 0.36 0.00 0.00
126 0.37 0.00 0.00
127 0.37 0.00 0.00
128 0.37 0.00 0.00
129 0.38 0.00 0.00
130 0.38 0.00 0.00
131 0.38 0.00 0.00
132 0.38 0.00 0.00
133 0.39 0.00 0.00
134 0.39 0.00 0.00
135 0.39 0.00 0.00
136 0.40 0.00 0.00
137 0.40 0.00 0.00
138 0.40 0.00 0.00
139 0.40 0.00 0.00
140 0.41 0.00 0.00
141 0.41 0.00 0.00
142 0.41 0.00 0.00
143 0.42 0.00 0.00
144 0.42 0.00 0.00
145 0.42 0.00 0.00
146 0.43 0.00 0.00
147 0.43 0.00 0.00
148 0.43 0.00 0.00
149 0.43 0.00 0.00
150 0.44 0.00 0.00
151 0.44 0.00 0.00
152 0.44 0.00 0.00
153 0.45 0.00 0.00
154 0.45 0.00 0.00
155 0.45 0.00 0.00
156 0.46 0.00 0.00
157 0.46 0.00 0.00
158 0.46 0.00 0.00
159 0.46 0.00 0.00
160 0.47 0.00 0.00
161 0.47 0.00 0.00
162 0.47 0.00 0.00
163 0.48 0.00 0.00
164 0.48 0.00 0.00
165 0.48 0.00 0.00
166 0.49 0.00 0.00
167 0.49 0.00 0.00
168 0.49 0.00 0.00
169 0.49 0.00 0.00
170 0.50 0.00 0.00
171 0.50 0.00 0.00
172 0.50 0.00 0.00
173 0.51 0.00 0.00
174 0.51 0.00 0.00
175 0.51 0.00 0.00
176 0.52 0.00 0.00
177 0.52 0.00 0.00
178 0.52 0.00 0.00
179 0.52 0.00 0.00
180 0.53 0.00 0.00
181 0.53 0.00 0.00
182 0.53 0.00 0.00
183 0.54 0.00 0.00
184 0.54 0.00 0.00
185 0.54 0.00 0.00
186 0.55 0.00 0.00
187 0.55 0.00 0.00
188 0.55 0.00 0.00
189 0.55 0.00 0.00
190 0.56 0.00 0.00
191 0.56 0.00 0.00
192 0.56 0.00 0.00
193 0.57 0.00 0.00
194 0.57 0.00 0.00
195 0.57 0.00 0.00
196 0.58 0.00 0.00
197 0.58 0.00 0.00
198 0.58 0.00 0.00
199 0.58 0.00 0.00
200 0.59 0.00 0.00
201 0.59 0.00 0.00
202 0.59 0.00 0.00
203 0.60 0.00 0.00
204 0.60 0.00 0.00
205 0.60 0.00 0.00
206 0.61 0.00 0.00
207 0.61 0.00 0.00
208 0.61 0.00 0.00
209 0.61 0.00 0.00
210 0.62 0.00 0.00
211 0.62 0.00 0.00
212 0.62 0.00 0.00
213 0.63 0.00 0.00
214 0.63 0.00 0.00
215 0.63 0.00 0.00
216 0.64 0.00 0.00
217 0.64 0.00 0.00
218 0.64 0.00 0.00
219 0.64 0.00 0.00
220 0.65 0.00 0.00
221 0.65 0.00 0.00
222 0.65 0.00 0.00
223 0.66 0.00 0.00
224 0.66 0.00 0.00
225 0.66 0.00 0.00
226 0.67 0.00 0.00
227 0.67 0.00 0.00
228 0.67 0.00 0.00
229 0.67 0.00 0.00
230 0.68 0.00 0.00
231 0.68 0.00 0.00
232 0.68 0.00 0.00
233 0.69 0.00 0.00
234 0.69 0.00 0.00
235 0.69 0.00 0.00
236 0.70 0.00 0.00
237 0.70 0.00 0.00
238 0.70 0.00 0.00
239 0.70 0.00 0.00
240 0.71 0.00 0.00
241 0.71 0.00 0.00
242 0.71 0.00 0.00
243 0.72 0.00 0.00
244 0.72 0.00 0.00
245 0.72 0.00 0.00
246 0.73 0.00 0.00
247 0.73 0.00 0.00
248 0.73 0.00 0.00
249 0.73 0.00 0.00
250 0.74 0.00 0.00
251 0.74 0.00 0.00
252 0.74 0.00 0.00
253 0.75 0.00 0.00
254 0.75 0.00 0.00
255 0.75 0.00 0.00
256 0.76 0.00 0.00
257 0.76 0.00 0.00
258 0.76 0.00 0.00
259 0.76 0.00 0.00
260 0.77 0.00 0.00
261 0.77 0.00 0.00
262 0.77 0.00 0.00
263 0.78 0.00 0.00
264 0.78 0.00 0.00
265 0.78 0.00 0.00
266 0.79 0.00 0.00
267 0.79 0.00 0.00
268 0.79 0.00 0.00
269 0.79 0.00 0.00
270 0.80 0.00 0.00
271 0.80 0.00 0.00
272 0.80 0.00 0.00
273 0.81 0.00 0.00
274 0.81 0.00 0.00
275 0.81 0.00 0.00
276 0.82 0.00 0.00
277 0.82 0.00 0.00
278 0.82 0.00 0.00
279 0.82 0.00 0.00
280 0.83 0.00 0.00
281 0.83 0.00 0.00
282 0.83 0.00 0.00
283 0.84 0.00 0.00
284 0.84 0.00 0.00
285 0.84 0.00 0.00
286 0.85 0.00 0.00
287 0.85 0.00 0.00
288 0.85 0.00 0.00
289 0.85 0.00 0.00
290 0.86 0.00 0.00
291 0.86 0.00 0.00
292 0.86 0.00 0.00
293 0.87 0.00 0.00
294 0.87 0.00 0.00
295 0.87 0.00 0.00
296 0.88 0.00 0.00
297 0.88 0.00 0.00
298 0.88 0.00 0.00
299 0.88 0.00 0.00
300 0.89 0.00 0.00
301 0.89 0.00 0.00
302 0.89 0.00 0.00
303 0.90 0.00 0.00
304 0.90 0.00 0.00
305 0.90 0.00 0.00
306 0.91 0.00 0.00
307 0.91 0.00 0.00
308 0.91 0.00 0.00
309 0.91 0.00 0.00
310 0.92 0.00 0.00
311 0.92 0.00 0.00
312 0.92 0.00 0.00
313 0.93 0.00 0.00
314 0.93 0.00 0.00
315 0.93 0.00 0.00
316 0.94 0.00 0.00
317 0.94 0.00 0.00
318 0.94 0.00 0.00
319 0.94 0.00 0.00
320 0.95 0.00 0.00
321 0.95 0.00 0.00
322 0.95 0.00 0.00
323 0.96 0.00 0.00
324 0.96 0.00 0.00
325 0.96 0.00 0.00
326 0.97 0.00 0.00
327 0.97 0.00 0.00
328 0.97 0.00 0.00
329 0.97 0.00 0.00
330 0.98 0.00 0.00
331 0.98 0.00 0.00
332 0.98 0.00 0.00
333 0.99 0.00 0.00
334 0.99 0.00 0.00
335 0.99 0.00 0.00
336 1.00 0.00 0.00
337 1.00 0.00 0.00
338 1.00 0.00 0.00
339 1.00 0.00 0.00
340 1.01 0.00 0.00
341 1.01 0.00 0.00
342 1.01 0.00 0.00
343 1.01 0.00 0.00
344 1.01 0.00 0.02
345 1.01 0.00 0.05
346 1.01 0.00 0.07
347 1.01 0.00 0.09
348 1.01 0.00 0.12
349 1.01 0.00 0.14
350 1.01 0.00 0.16
351 1.01 0.00 0.19
352 1.01 0.00 0.21
353 1.01 0.00 0.23
354 1.01 0.00 0.26
355 1.01 0.00 0.28
356 1.01 0.00 0.30
357 1.01 0.00 0.33
358 1.01 0.00 0.35
359 1.01 0.00 0.37
360 1.01 0.00 0.40
361 1.01 0.00 0.42
362 1.01 0.00 0.45
363 1.01 0.00 0.47
364 1.01 0.00 0.49
365 1.01 0.00 0.52
366 1.01 0.00 0.54
367 1.01 0.00 0.56
368 1.01 0.00 0.59
369 1.01 0.00 0.61
370 1.01 0.00 0.63
371 1.01 0.00 0.66
372 1.01 0.00 0.68
373 1.01 0.00 0.70
374 1.01 0.00 0.73
375 1.01 0.00 0.75
376 1.01 0.00 0.77
377 1.01 0.00 0.80
378 1.01 0.00 0.82
379 1.01 0.00 0.84
380 1.01 0.00 0.87
381 1.01 0.00 0.89
382 1.01 0.00 0.91
383 1.01 0.00 0.94
384 1.01 0.00 0.96
385 1.01 0.00 0.98
386 1.01 0.00 1.01
387 1.01 0.00 1.03
388 1.01 0.00 1.05
389 1.01 0.00 1.08
390 1.01 0.00 1.10
391 1.01 0.00 1.12
392 1.01 0.00 1.15
393 1.01 0.00 1.17
394 1.01 0.00 1.20
395 1.01 0.00 1.22
396 1.01 0.00 1.24
397 1.01 0.00 1.27
398 1.01 0.00 1.29
399 1.01 0.00 1.31
400 1.01 0.00 1.34
401 1.01 0.00 1.36
402 1.01 0.00 1.38
403 1.01 0.00 1.41
404 1.01 0.00 1.43
405 1.01 0.00 1.45
406 1.01 0.00 1.48
407 1.01 0.00 1.50
408 1.01 0.00 1.52
409 1.01 0.00 1.55
410 1.01 0.00 1.57
411 1.01 0.00 1.59
412 1.01 0.00 1.62
413 1.01 0.00 1.64
414 1.01 0.00 1.64
415 1.01 0.00 1.64
416 1.01 0.00 1.64
417 1.01 0.01 1.64
418 1.01 0.01 1.64
419 1.01 0.01 1.64
420 1.01 0.02 1.64
421 1.01 0.02 1.64
422 1.01 0.02 1.64
423 1.01 0.02 1.64
424 1.01 0.03 1.64
425 1.01 0.03 1.64
426 1.01 0.03 1.64
427 1.01 0.04 1.64
428 1.01 0.04 1.64
429 1.01 0.04 1.64
430 1.01 0.05 1.64
431 1.01 0.05 1.64
432 1.01 0.05 1.64
433 1.01 0.05 1.64
434 1.01 0.06 1.64
435 1.01 0.06 1.64
436 1.01 0.06 1.64
437 1.01 0.07 1.64
438 1.01 0.07 1.64
439 1.01 0.07 1.64
440 1.01 0.08 1.64
441 1.01 0.08 1.64
442 1.01 0.08 1.64
443 1.01 0.08 1.64
444 1.00 0.09 1.64
445 1.00 0.09 1.64
446 1.00 0.09 1.64
447 1.00 0.10 1.64
448 1.00 0.10 1.64
449 1.00 0.10 1.64
450 1.00 0.11 1.64
451 1.00 0.11 1.64
452 1.00 0.11 1.64
453 1.00 0.11 1.64
454 1.00 0.12 1.64
455 1.00 0.12 1.64
456 1.00 0.12 1.64
457 1.00 0.13 1.64
458 1.00 0.13 1.64
459 1.00 0.13 1.64
460 1.00 0.14 1.64
461 1.00 0.14 1.64
462 1.00 0.14 1.64
463 1.00 0.14 1.64
464 1.00 0.15 1.64
465 1.00 0.15 1.64
466 1.00 0.15 1.64
467 1.00 0.16 1.64
468 1.00 0.16 1.64
469 1.00 0.16 1.64
470 1.00 0.17 1.64
471 1.00 0.17 1.64
472 1.00 0.17 1.64
473 1.00 0.17 1.64
474 1.00 0.18 1.64
475 1.00 0.18 1.64
476 1.00 0.18 1.64
477 1.00 0.19 1.64
478 1.00 0.19 1.64
479 1.00 0.19 1.64
480 1.00 0.19 1.64
481 1.00 0.20 1.64
482 1.00 0.20 1.64
483 1.00 0.20 1.64
484 1.00 0.21 1.64
485 1.00 0.21 1.64
486 1.00 0.21 1.64
487 1.00 0.22 1.64
488 1.00 0.22 1.64
489 1.00 0.22 1.64
490 1.00 0.22 1.64
491 1.00 0.23 1.64
492 0.99 0.23 1.64
493 0.99 0.23 1.64
494 0.99 0.24 1.64
495 0.99 0.24 1.64
496 0.99 0.24 1.64
497 0.99 0.25 1.64
498 0.99 0.25 1.64
499 0.99 0.25 1.64
500 0.99 0.25 1.64
501 0.99 0.26 1.64
502 0.99 0.26 1.64
503 0.99 0.26 1.64
504 0.99 0.27 1.64
505 0.99 0.27 1.64
506 0.99 0.27 1.64
507 0.99 0.28 1.64
508 0.99 0.28 1.64
509 0.99 0.28 1.64
510 0.99 0.28 1.64
511 0.99 0.29 1.64
512 0.99 0.29 1.64
513 0.99 0.29 1.64
514 0.99 0.30 1.64
515 0.99 0.30 1.64
516 0.99 0.30 1.64
517 0.99 0.31 1.64
518 0.99 0.31 1.64
519 0.99 0.31 1.64
520 0.99 0.31 1.64
521 0.99 0.32 1.64
522 0.99 0.32 1.64
523 0.99 0.32 1.64
524 0.99 0.33 1.64
525 0.99 0.33 1.64
526 0.99 0.33 1.64
527 0.99 0.34 1.64
528 0.99 0.34 1.64
529 0.99 0.34 1.64
530 0.99 0.34 1.64
531 0.99 0.35 1.64
532 0.99 0.35 1.64
533 0.99 0.35 1.64
534 0.99 0.36 1.64
535 0.99 0.36 1.64
536 0.99 0.36 1.64
537 0.99 0.37 1.64
538 0.99 0.37 1.64
539 0.98 0.37 1.64
540 0.98 0.37 1.64
541 0.98 0.38 1.64
542 0.98 0.38 1.64
543 0.98 0.38 1.64
544 0.98 0.39 1.64
545 0.98 0.39 1.64
546 0.98 0.39 1.64
547 0.98 0.40 1.64
548 0.98 0.40 1.64
549 0.98 0.40 1.64
550 0.98 0.40 1.64
551 0.98 0.41 1.64
552 0.98 0.41 1.64
553 0.98 0.41 1.64
554 0.98 0.42 1.64
555 0.98 0.42 1.64
556 0.98 0.42 1.64
557 0.98 0.43 1.64
558 0.98 0.43 1.64
559 0.98 0.43 1.64
560 0.98 0.43 1.64
561 0.98 0.44 1.64
562 0.98 0.44 1.64
563 0.98 0.44 1.64
564 0.98 0.45 1.64
565 0.98 0.45 1.64
566 0.98 0.45 1.64
567 0.98 0.46 1.64
568 0.98 0.46 1.64
569 0.98 0.46 1.64
570 0.98 0.46 1.64
571 0.98 0.47 1.64
572 0.98 0.47 1.64
573 0.98 0.47 1.64
574 0.98 0.48 1.64
575 0.98 0.48 1.64
576 0.98 0.48 1.64
577 0.98 0.49 1.64
578 0.98 0.49 1.64
579 0.98 0.49 1.64
580 0.98 0.49 1.64
581 0.98 0.50 1.64
582 0.98 0.50 1.64
583 0.98 0.50 1.64
584 0.98 0.51 1.64
585 0.98 0.51 1.64
586 0.97 0.51 1.64
587 0.97 0.52 1.64
588 0.97 0.52 1.64
589 0.97 0.52 1.64
590 0.97 0.52 1.64
591 0.97 0.53 1.64
592 0.97 0.53 1.64
593 0.97 0.53 1.64
594 0.97 0.54 1.64
595 0.97 0.54 1.64
596 0.97 0.54 1.64
597 0.97 0.55 1.64
598 0.97 0.55 1.64
599 0.97 0.55 1.64
600 0.97 0.55 1.64
601 0.97 0.56 1.64
602 0.97 0.56 1.64
603 0.97 0.56 1.64
604 0.97 0.57 1.64
605 0.97 0.57 1.64
606 0.97 0.57 1.64
607 0.97 0.58 1.64
608 0.97 0.58 1.64
609 0.97 0.58 1.64
610 0.97 0.58 1.64
611 0.97 0.59 1.64
612 0.97 0.59 1.64
613 0.97 0.59 1.64
614 0.97 0.60 1.64
615 0.97 0.60 1.64
616 0.97 0.60 1.64
617 0.97 0.60 1.64
618 0.97 0.61 1.64
619 0.97 0.61 1.64
620 0.97 0.61 1.64
621 0.97 0.62 1.64
622 0.97 0.62 1.64
623 0.97 0.62 1.64
624 0.97 0.63 1.64
625 0.97 0.63 1.64
626 0.97 0.63 1.64
627 0.97 0.63 1.64
628 0.97 0.64 1.64
629 0.97 0.64 1.64
630 0.97 0.64 1.64
631 0.97 0.65 1.64
632 0.97 0.65 1.64
633 0.97 0.65 1.64
634 0.96 0.66 1.64
635 0.96 0.66 1.64
636 0.96 0.66 1.64
637 0.96 0.66 1.64
638 0.96 0.67 1.64
639 0.96 0.67 1.64
640 0.96 0.67 1.64
641 0.96 0.68 1.64
642 0.96 0.68 1.64
643 0.96 0.68 1.64
644 0.96 0.69 1.64
645 0.96 0.69 1.64
646 0.96 0.69 1.64
647 0.96 0.69 1.64
648 0.96 0.70 1.64
649 0.96 0.70 1.64
650 0.96 0.70 1.64
651 0.96 0.71 1.64
652 0.96 0.71 1.64
653 0.96 0.71 1.64
654 0.96 0.72 1.64
655 0.96 0.72 1.64
656 0.96 0.72 1.64
657 0.96 0.72 1.64
658 0.96 0.73 1.64
659 0.96 0.73 1.64
660 0.96 0.73 1.64
661 0.96 0.74 1.64
662 0.96 0.74 1.64
663 0.96 0.74 1.64
664 0.96 0.75 1.64
665 0.96 0.75 1.64
666 0.96 0.75 1.64
667 0.96 0.75 1.64
668 0.96 0.76 1.64
669 0.96 0.76 1.64
670 0.96 0.76 1.64
671 0.96 0.77 1.64
672 0.96 0.77 1.64
673 0.96 0.77 1.64
674 0.96 0.78 1.64
675 0.96 0.78 1.64
676 0.96 0.78 1.64
677 0.96 0.78 1.64
678 0.96 0.79 1.64
679 0.96 0.79 1.64
680 0.96 0.79 1.64
681 0.95 0.80 1.64
682 0.95 0.80 1.64
683 0.95 0.80 1.64
684 0.95 0.81 1.64
685 0.95 0.81 1.64
686 0.95 0.81 1.64
687 0.95 0.81 1.64
688 0.95 0.82 1.64
689 0.95 0.82 1.64
690 0.95 0.82 1.64
691 0.95 0.83 1.64
692 0.95 0.83 1.64
693 0.95 0.83 1.64
694 0.95 0.84 1.64
695 0.95 0.84 1.64
696 0.95 0.84 1.64
697 0.95 0.84 1.64
698 0.95 0.85 1.64
699 0.95 0.85 1.64
700 0.95 0.85 1.64
701 0.95 0.86 1.64
702 0.95 0.86 1.64
703 0.95 0.86 1.64
704 0.95 0.87 1.64
705 0.95 0.87 1.64
706 0.95 0.87 1.64
707 0.95 0.87 1.64
708 0.95 0.88 1.64
709 0.95 0.88 1.64
710 0.95 0.88 1.64
711 0.95 0.89 1.64
712 0.95 0.89 1.64
713 0.95 0.89 1.64
714 0.95 0.90 1.64
715 0.95 0.90 1.64
716 0.95 0.90 1.64
717 0.95 0.90 1.64
718 0.95 0.91 1.64
719 0.95 0.91 1.64
720 0.95 0.91 1.64
721 0.95 0.92 1.64
722 0.95 0.92 1.64
723 0.95 0.92 1.64
724 0.95 0.93 1.64
725 0.95 0.93 1.64
726 0.95 0.93 1.64
727 0.95 0.93 1.64
728 0.95 0.94 1.64
729 0.94 0.94 1.64
730 0.94 0.94 1.64
731 0.94 0.95 1.64
732 0.94 0.95 1.64
733 0.94 0.95 1.64
734 0.94 0.96 1.64
735 0.94 0.96 1.64
736 0.94 0.96 1.64
737 0.94 0.96 1.64
738 0.94 0.97 1.64
739 0.94 0.97 1.64
740 0.94 0.97 1.64
741 0.94 0.98 1.64
742 0.94 0.98 1.64
743 0.94 0.98 1.64
744 0.94 0.98 1.64
745 0.94 0.99 1.64
746 0.94 0.99 1.64
747 0.94 0.99 1.64
748 0.94 1.00 1.64
749 0.94 1.00 1.64
750 0.94 1.00 1.64
751 0.94 1.01 1.64
752 0.94 1.01 1.64
753 0.94 1.01 1.64
754 0.94 1.01 1.64
755 0.94 1.01 1.66
756 0.94 1.01 1.69
757 0.94 1.01 1.71
758 0.94 1.01 1.73
759 0.94 1.01 1.76
760 0.94 1.01 1.78
761 0.94 1.01 1.80
762 0.94 1.01 1.83
763 0.94 1.01 1.85
764 0.94 1.01 1.87
765 0.94 1.01 1.90
766 0.94 1.01 1.92
767 0.94 1.01 1.95
768 0.94 1.01 1.97
769 0.94 1.01 1.99
770 0.94 1.01 2.02
771 0.94 1.01 2.04
772 0.94 1.01 2.06
773 0.94 1.01 2.09
774 0.94 1.01 2.11
775 0.94 1.01 2.13
776 0.94 1.01 2.16
777 0.94 1.01 2.18
778 0.94 1.01 2.20
779 0.94 1.01 2.23
780 0.94 1.01 2.25
781 0.94 1.01 2.27
782 0.94 1.01 2.30
783 0.94 1.01 2.32
784 0.94 1.01 2.34
785 0.94 1.01 2.37
786 0.94 1.01 2.39
787 0.94 1.01 2.41
788 0.94 1.01 2.44
789 0.94 1.01 2.46
790 0.94 1.01 2.48
791 0.94 1.01 2.51
792 0.94 1.01 2.53
793 0.94 1.01 2.55
794 0.94 1.01 2.58
795 0.94 1.01 2.60
796 0.94 1.01 2.62
797 0.94 1.01 2.65
798 0.94 1.01 2.67
799 0.94 1.01 2.70
800 0.94 1.01 2.72
801 0.94 1.01 2.74
802 0.94 1.01 2.77
803 0.94 1.01 2.79
804 0.94 1.01 2.81
805 0.94 1.01 2.84
806 0.94 1.01 2.86
807 0.94 1.01 2.88
808 0.94 1.01 2.91
809 0.94 1.01 2.93
810 0.94 1.01 2.95
811 0.94 1.01 2.98
812 0.94 1.01 3.00
813 0.94 1.01 3.02
814 0.94 1.01 3.05
815 0.94 1.01 3.07
816 0.94 1.01 3.09
817 0.94 1.01 3.12
818 0.94 1.01 3.14
819 0.94 1.01 3.16
820 0.94 1.01 3.19
821 0.94 1.01 3.21
822 0.94 1.01 3.23
823 0.94 1.01 3.26
824 0.94 1.01 3.28
825 0.94 1.01 3.28
826 0.94 1.01 3.28
827 0.94 1.01 3.28
828 0.93 1.01 3.28
829 0.93 1.01 3.28
830 0.93 1.01 3.28
831 0.93 1.01 3.28
832 0.92 1.01 3.28
833 0.92 1.01 3.28
834 0.92 1.01 3.28
835 0.91 1.01 3.28
836 0.91 1.00 3.28
837 0.91 1.00 3.28
838 0.90 1.00 3.28
839 0.90 1.00 3.28
840 0.90 1.00 3.28
841 0.90 1.00 3.28
842 0.89 1.00 3.28
843 0.89 1.00 3.28
844 0.89 1.00 3.28
845 0.88 1.00 3.28
846 0.88 1.00 3.28
847 0.88 1.00 3.28
848 0.87 1.00 3.28
849 0.87 1.00 3.28
850 0.87 1.00 3.28
851 0.87 1.00 3.28
852 0.86 1.00 3.28
853 0.86 1.00 3.28
854 0.86 1.00 3.28
855 0.85 1.00 3.28
856 0.85 1.00 3.28
857 0.85 1.00 3.28
858 0.85 1.00 3.28
859 0.84 1.00 3.28
860 0.84 0.99 3.28
861 0.84 0.99 3.28
862 0.83 0.99 3.28
863 0.83 0.99 3.28
864 0.83 0.99 3.28
865 0.82 0.99 3.28
866 0.82 0.99 3.28
867 0.82 0.99 3.28
868 0.82 0.99 3.28
869 0.81 0.99 3.28
870 0.81 0.99 3.28
871 0.81 0.99 3.28
872 0.80 0.99 3.28
873 0.80 0.99 3.28
874 0.80 0.99 3.28
875 0.79 0.99 3.28
876 0.79 0.99 3.28
877 0.79 0.99 3.28
878 0.79 0.99 3.28
879 0.78 0.99 3.28
880 0.78 0.99 3.28
881 0.78 0.99 3.28
882 0.77 0.99 3.28
883 0.77 0.99 3.28
884 0.77 0.98 3.28
885 0.76 0.98 3.28
886 0.76 0.98 3.28
887 0.76 0.98 3.28
888 0.76 0.98 3.28
889 0.75 0.98 3.28
890 0.75 0.98 3.28
891 0.75 0.98 3.28
892 0.74 0.98 3.28
893 0.74 0.98 3.28
894 0.74 0.98 3.28
895 0.74 0.98 3.28
896 0.73 0.98 3.28
897 0.73 0.98 3.28
898 0.73 0.98 3.28
899 0.72 0.98 3.28
900 0.72 0.98 3.28
901 0.72 0.98 3.28
902 0.71 0.98 3.28
903 0.71 0.98 3.28
904 0.71 0.98 3.28
905 0.71 0.98 3.28
906 0.70 0.98 3.28
907 0.70 0.98 3.28
908 0.70 0.97 3.28
909 0.69 0.97 3.28
910 0.69 0.97 3.28
911 0.69 0.97 3.28
912 0.68 0.97 3.28
913 0.68 0.97 3.28
914 0.68 0.97 3.28
915 0.68 0.97 3.28
916 0.67 0.97 3.28
917 0.67 0.97 3.28
918 0.67 0.97 3.28
919 0.66 0.97 3.28
920 0.66 0.97 3.28
921 0.66 0.97 3.28
922 0.65 0.97 3.28
923 0.65 0.97 3.28
924 0.65 0.97 3.28
925 0.65 0.97 3.28
926 0.64 0.97 3.28
927 0.64 0.97 3.28
928 0.64 0.97 3.28
929 0.63 0.97 3.28
930 0.63 0.97 3.28
931 0.63 0.96 3.28
932 0.63 0.96 3.28
933 0.62 0.96 3.28
934 0.62 0.96 3.28
935 0.62 0.96 3.28
936 0.61 0.96 3.28
937 0.61 0.96 3.28
938 0.61 0.96 3.28
939 0.60 0.96 3.28
940 0.60 0.96 3.28
941 0.60 0.96 3.28
942 0.60 0.96 3.28
943 0.59 0.96 3.28
944 0.59 0.96 3.28
945 0.59 0.96 3.28
946 0.58 0.96 3.28
947 0.58 0.96 3.28
948 0.58 0.96 3.28
949 0.57 0.96 3.28
950 0.57 0.96 3.28
951 0.57 0.96 3.28
952 0.57 0.96 3.28
953 0.56 0.96 3.28
954 0.56 0.96 3.28
955 0.56 0.95 3.28
956 0.55 0.95 3.28
957 0.55 0.95 3.28
958 0.55 0.95 3.28
959 0.54 0.95 3.28
960 0.54 0.95 3.28
961 0.54 0.95 3.28
962 0.54 0.95 3.28
963 0.53 0.95 3.28
964 0.53 0.95 3.28
965 0.53 0.95 3.28
966 0.52 0.95 3.28
967 0.52 0.95 3.28
968 0.52 0.95 3.28
969 0.52 0.95 3.28
970 0.51 0.95 3.28
971 0.51 0.95 3.28
972 0.51 0.95 3.28
973 0.50 0.95 3.28
974 0.50 0.95 3.28
975 0.50 0.95 3.28
976 0.49 0.95 3.28
977 0.49 0.95 3.28
978 0.49 0.95 3.28
979 0.49 0.94 3.28
980 0.48 0.94 3.28
981 0.48 0.94 3.28
982 0.48 0.94 3.28
983 0.47 0.94 3.28
984 0.47 0.94 3.28
985 0.47 0.94 3.28
986 0.46 0.94 3.28
987 0.46 0.94 3.28
988 0.46 0.94 3.28
989 0.46 0.94 3.28
990 0.45 0.94 3.28
991 0.45 0.94 3.28
992 0.45 0.94 3.28
993 0.44 0.94 3.28
994 0.44 0.94 3.28
995 0.44 0.94 3.28
996 0.44 0.94 3.28
997 0.43 0.94 3.28
998 0.43 0.94 3.28
999 0.43 0.94 3.28
1000 0.42 0.94 3.28
1001 0.42 0.94 3.28
1002 0.42 0.94 3.28
1003 0.41 0.93 3.28
1004 0.41 0.93 3.28
1005 0.41 0.93 3.28
1006 0.41 0.93 3.28
1007 0.40 0.93 3.28
1008 0.40 0.93 3.28
1009 0.40 0.93 3.28
1010 0.39 0.93 3.28
1011 0.39 0.93 3.28
1012 0.39 0.93 3.28
1013 0.38 0.93 3.28
1014 0.38 0.93 3.28
1015 0.38 0.93 3.28
1016 0.38 0.93 3.28
1017 0.37 0.93 3.28
1018 0.37 0.93 3.28
1019 0.37 0.93 3.28
1020 0.36 0.93 3.28
1021 0.36 0.93 3.28
1022 0.36 0.93 3.28
1023 0.35 0.93 3.28
1024 0.35 0.93 3.28
1025 0.35 0.93 3.28
1026 0.35 0.93 3.28
1027 0.34 0.92 3.28
1028 0.34 0.92 3.28
1029 0.34 0.92 3.28
1030 0.33 0.92 3.28
1031 0.33 0.92 3.28
1032 0.33 0.92 3.28
1033 0.33 0.92 3.28
1034 0.32 0.92 3.28
1035 0.32 0.92 3.28
1036 0.32 0.92 3.28
1037 0.31 0.92 3.28
1038 0.31 0.92 3.28
1039 0.31 0.92 3.28
1040 0.30 0.92 3.28
1041 0.30 0.92 3.28
1042 0.30 0.92 3.28
1043 0.30 0.92 3.28
1044 0.29 0.92 3.28
1045 0.29 0.92 3.28
1046 0.29 0.92 3.28
1047 0.28 0.92 3.28
1048 0.28 0.92 3.28
1049 0.28 0.92 3.28
1050 0.27 0.92 3.28
1051 0.27 0.91 3.28
1052 0.27 0.91 3.28
1053 0.27 0.91 3.28
1054 0.26 0.91 3.28
1055 0.26 0.91 3.28
1056 0.26 0.91 3.28
1057 0.25 0.91 3.28
1058 0.25 0.91 3.28
1059 0.25 0.91 3.28
1060 0.24 0.91 3.28
1061 0.24 0.91 3.28
1062 0.24 0.91 3.28
1063 0.24 0.91 3.28
1064 0.23 0.91 3.28
1065 0.23 0.91 3.28
1066 0.23 0.91 3.28
1067 0.22 0.91 3.28
1068 0.22 0.91 3.28
1069 0.22 0.91 3.28
1070 0.22 0.91 3.28
1071 0.21 0.91 3.28
1072 0.21 0.91 3.28
1073 0.21 0.91 3.28
1074 0.20 0.91 3.28
1075 0.20 0.90 3.28
1076 0.20 0.90 3.28
1077 0.19 0.90 3.28
1078 0.19 0.90 3.28
1079 0.19 0.90 3.28
1080 0.19 0.90 3.28
1081 0.18 0.90 3.28
1082 0.18 0.90 3.28
1083 0.18 0.90 3.28
1084 0.17 0.90 3.28
1085 0.17 0.90 3.28
1086 0.17 0.90 3.28
1087 0.16 0.90 3.28
1088 0.16 0.90 3.28
1089 0.16 0.90 3.28
1090 0.16 0.90 3.28
1091 0.15 0.90 3.28
1092 0.15 0.90 3.28
1093 0.15 0.90 3.28
1094 0.14 0.90 3.28
1095 0.14 0.90 3.28
1096 0.14 0.90 3.28
1097 0.14 0.90 3.28
1098 0.13 0.90 3.28
1099 0.13 0.89 3.28
1100 0.13 0.89 3.28
1101 0.12 0.89 3.28
1102 0.12 0.89 3.28
1103 0.12 0.89 3.28
1104 0.11 0.89 3.28
1105 0.11 0.89 3.28
1106 0.11 0.89 3.28
1107 0.11 0.89 3.28
1108 0.10 0.89 3.28
1109 0.10 0.89 3.28
1110 0.10 0.89 3.28
1111 0.09 0.89 3.28
1112 0.09 0.89 3.28
1113 0.09 0.89 3.28
1114 0.08 0.89 3.28
1115 0.08 0.89 3.28
1116 0.08 0.89 3.28
1117 0.08 0.89 3.28
1118 0.07 0.89 3.28
1119 0.07 0.89 3.28
1120 0.07 0.89 3.28
1121 0.06 0.89 3.28
1122 0.06 0.89 3.28
1123 0.06 0.88 3.28
1124 0.05 0.88 3.28
1125 0.05 0.88 3.28
1126 0.05 0.88 3.28
1127 0.05 0.88 3.28
1128 0.04 0.88 3.28
1129 0.04 0.88 3.28
1130 0.04 0.88 3.28
1131 0.03 0.88 3.28
1132 0.03 0.88 3.28
1133 0.03 0.88 3.28
1134 0.03 0.88 3.28
1135 0.02 0.88 3.28
1136 0.02 0.88 3.28
1137 0.02 0.88 3.28
1138 0.01 0.88 3.28
1139 0.01 0.88 3.28
1140 0.01 0.88 3.28
1141 0.00 0.88 3.28
1142 0.00 0.88 3.28
1143 -0.00 0.88 3.28
1144 -0.00 0.88 3.28
1145 -0.01 0.88 3.28
1146 -0.01 0.87 3.28
1147 -0.01 0.87 3.28
1148 -0.02 0.87 3.28
1149 -0.02 0.87 3.28
1150 -0.02 0.87 3.28
1151 -0.03 0.87 3.28
1152 -0.03 0.87 3.28
1153 -0.03 0.87 3.28
1154 -0.03 0.87 3.28
1155 -0.04 0.87 3.28
1156 -0.04 0.87 3.28
1157 -0.04 0.87 3.28
1158 -0.05 0.87 3.28
1159 -0.05 0.87 3.28
1160 -0.05 0.87 3.28
1161 -0.06 0.87 3.28
1162 -0.06 0.87 3.28
1163 -0.06 0.87 3.28
1164 -0.06 0.87 3.28
1165 -0.06 0.87 3.28
1166 -0.06 0.87 3.30
1167 -0.06 0.87 3.33
1168 -0.06 0.87 3.35
1169 -0.06 0.87 3.38
1170 -0.06 0.87 3.40
1171 -0.06 0.87 3.42
1172 -0.06 0.87 3.45
1173 -0.06 0.87 3.47
1174 -0.06 0.87 3.49
1175 -0.06 0.87 3.52
1176 -0.06 0.87 3.54
1177 -0.06 0.87 3.56
1178 -0.06 0.87 3.59
1179 -0.06 0.87 3.61
1180 -0.06 0.87 3.63
1181 -0.06 0.87 3.66
1182 -0.06 0.87 3.68
1183 -0.06 0.87 3.70
1184 -0.06 0.87 3.73
1185 -0.06 0.87 3.75
1186 -0.06 0.87 3.77
1187 -0.06 0.87 3.80
1188 -0.06 0.87 3.82
1189 -0.06 0.87 3.84
1190 -0.06 0.87 3.87
1191 -0.06 0.87 3.89
1192 -0.06 0.87 3.91
1193 -0.06 0.87 3.94
1194 -0.06 0.87 3.96
1195 -0.06 0.87 3.98
1196 -0.06 0.87 4.01
1197 -0.06 0.87 4.03
1198 -0.06 0.87 4.05
1199 -0.06 0.87 4.08
1200 -0.06 0.87 4.10
1201 -0.06 0.87 4.13
1202 -0.06 0.87 4.15
1203 -0.06 0.87 4.17
1204 -0.06 0.87 4.20
1205 -0.06 0.87 4.22
1206 -0.06 0.87 4.24
1207 -0.06 0.87 4.27
1208 -0.06 0.87 4.29
1209 -0.06 0.87 4.31
1210 -0.06 0.87 4.34
1211 -0.06 0.87 4.36
1212 -0.06 0.87 4.38
1213 -0.06 0.87 4.41
1214 -0.06 0.87 4.43
1215 -0.06 0.87 4.45
1216 -0.06 0.87 4.48
1217 -0.06 0.87 4.50
1218 -0.06 0.87 4.52
1219 -0.06 0.87 4.55
1220 -0.06 0.87 4.57
1221 -0.06 0.87 4.59
1222 -0.06 0.87 4.62
1223 -0.06 0.87 4.64
1224 -0.06 0.87 4.66
1225 -0.06 0.87 4.69
1226 -0.06 0.87 4.71
1227 -0.06 0.87 4.73
1228 -0.06 0.87 4.76
1229 -0.06 0.87 4.78
1230 -0.06 0.87 4.80
1231 -0.06 0.87 4.83
1232 -0.06 0.87 4.85
1233 -0.06 0.87 4.88
1234 -0.06 0.87 4.90
1235 -0.06 0.87 4.92
1236 -0.06 0.87 4.92
1237 -0.06 0.87 4.92
1238 -0.06 0.86 4.92
1239 -0.06 0.86 4.92
1240 -0.06 0.86 4.92
1241 -0.06 0.86 4.92
1242 -0.06 0.85 4.92
1243 -0.06 0.85 4.92
1244 -0.06 0.85 4.92
1245 -0.06 0.84 4.92
1246 -0.06 0.84 4.92
1247 -0.05 0.84 4.92
1248 -0.05 0.84 4.92
1249 -0.05 0.83 4.92
1250 -0.05 0.83 4.92
1251 -0.05 0.83 4.92
1252 -0.05 0.82 4.92
1253 -0.05 0.82 4.92
1254 -0.05 0.82 4.92
1255 -0.05 0.82 4.92
1256 -0.05 0.81 4.92
1257 -0.05 0.81 4.92
1258 -0.05 0.81 4.92
1259 -0.05 0.80 4.92
1260 -0.05 0.80 4.92
1261 -0.05 0.80 4.92
1262 -0.05 0.79 4.92
1263 -0.04 0.79 4.92
1264 -0.04 0.79 4.92
1265 -0.04 0.79 4.92
1266 -0.04 0.78 4.92
1267 -0.04 0.78 4.92
1268 -0.04 0.78 4.92
1269 -0.04 0.77 4.92
1270 -0.04 0.77 4.92
1271 -0.04 0.77 4.92
1272 -0.04 0.77 4.92
1273 -0.04 0.76 4.92
1274 -0.04 0.76 4.92
1275 -0.04 0.76 4.92
1276 -0.04 0.75 4.92
1277 -0.04 0.75 4.92
1278 -0.04 0.75 4.92
1279 -0.03 0.74 4.92
1280 -0.03 0.74 4.92
1281 -0.03 0.74 4.92
1282 -0.03 0.74 4.92
1283 -0.03 0.73 4.92
1284 -0.03 0.73 4.92
1285 -0.03 0.73 4.92
1286 -0.03 0.72 4.92
1287 -0.03 0.72 4.92
1288 -0.03 0.72 4.92
1289 -0.03 0.72 4.92
1290 -0.03 0.71 4.92
1291 -0.03 0.71 4.92
1292 -0.03 0.71 4.92
1293 -0.03 0.70 4.92
1294 -0.03 0.70 4.92
1295 -0.02 0.70 4.92
1296 -0.02 0.69 4.92
1297 -0.02 0.69 4.92
1298 -0.02 0.69 4.92
1299 -0.02 0.69 4.92
1300 -0.02 0.68 4.92
1301 -0.02 0.68 4.92
1302 -0.02 0.68 4.92
1303 -0.02 0.67 4.92
1304 -0.02 0.67 4.92
1305 -0.02 0.67 4.92
1306 -0.02 0.67 4.92
1307 -0.02 0.66 4.92
1308 -0.02 0.66 4.92
1309 -0.02 0.66 4.92
1310 -0.02 0.65 4.92
1311 -0.01 0.65 4.92
1312 -0.01 0.65 4.92
1313 -0.01 0.64 4.92
1314 -0.01 0.64 4.92
1315 -0.01 0.64 4.92
1316 -0.01 0.64 4.92
1317 -0.01 0.63 4.92
1318 -0.01 0.63 4.92
1319 -0.01 0.63 4.92
1320 -0.01 0.62 4.92
1321 -0.01 0.62 4.92
1322 -0.01 0.62 4.92
1323 -0.01 0.62 4.92
1324 -0.01 0.61 4.92
1325 -0.01 0.61 4.92
1326 -0.01 0.61 4.92
1327 -0.00 0.60 4.92
1328 -0.00 0.60 4.92
1329 -0.00 0.60 4.92
1330 -0.00 0.59 4.92
1331 -0.00 0.59 4.92
1332 -0.00 0.59 4.92
1333 -0.00 0.59 4.92
1334 -0.00 0.58 4.92
1335 0.00 0.58 4.92
1336 0.00 0.58 4.92
1337 0.00 0.57 4.92
1338 0.00 0.57 4.92
1339 0.00 0.57 4.92
1340 0.00 0.57 4.92
1341 0.00 0.56 4.92
1342 0.00 0.56 4.92
1343 0.01 0.56 4.92
1344 0.01 0.55 4.92
1345 0.01 0.55 4.92
1346 0.01 0.55 4.92
1347 0.01 0.55 4.92
1348 0.01 0.54 4.92
1349 0.01 0.54 4.92
1350 0.01 0.54 4.92
1351 0.01 0.53 4.92
1352 0.01 0.53 4.92
1353 0.01 0.53 4.92
1354 0.01 0.52 4.92
1355 0.01 0.52 4.92
1356 0.01 0.52 4.92
1357 0.01 0.52 4.92
1358 0.01 0.51 4.92
1359 0.02 0.51 4.92
1360 0.02 0.51 4.92
1361 0.02 0.50 4.92
1362 0.02 0.50 4.92
1363 0.02 0.50 4.92
1364 0.02 0.50 4.92
1365 0.02 0.49 4.92
1366 0.02 0.49 4.92
1367 0.02 0.49 4.92
1368 0.02 0.48 4.92
1369 0.02 0.48 4.92
1370 0.02 0.48 4.92
1371 0.02 0.47 4.92
1372 0.02 0.47 4.92
1373 0.02 0.47 4.92
1374 0.02 0.47 4.92
1375 0.03 0.46 4.92
1376 0.03 0.46 4.92
1377 0.03 0.46 4.92
1378 0.03 0.45 4.92
1379 0.03 0.45 4.92
1380 0.03 0.45 4.92
1381 0.03 0.45 4.92
1382 0.03 0.44 4.92
1383 0.03 0.44 4.92
1384 0.03 0.44 4.92
1385 0.03 0.43 4.92
1386 0.03 0.43 4.92
1387 0.03 0.43 4.92
1388 0.03 0.42 4.92
1389 0.03 0.42 4.92
1390 0.03 0.42 4.92
1391 0.04 0.42 4.92
1392 0.04 0.41 4.92
1393 0.04 0.41 4.92
1394 0.04 0.41 4.92
1395 0.04 0.40 4.92
1396 0.04 0.40 4.92
1397 0.04 0.40 4.92
1398 0.04 0.40 4.92
1399 0.04 0.39 4.92
1400 0.04 0.39 4.92
1401 0.04 0.39 4.92
1402 0.04 0.38 4.92
1403 0.04 0.38 4.92
1404 0.04 0.38 4.92
1405 0.04 0.37 4.92
1406 0.04 0.37 4.92
1407 0.05 0.37 4.92
1408 0.05 0.37 4.92
1409 0.05 0.36 4.92
1410 0.05 0.36 4.92
1411 0.05 0.36 4.92
1412 0.05 0.35 4.92
1413 0.05 0.35 4.92
1414 0.05 0.35 4.92
1415 0.05 0.35 4.92
1416 0.05 0.34 4.92
1417 0.05 0.34 4.92
1418 0.05 0.34 4.92
1419 0.05 0.33 4.92
1420 0.05 0.33 4.92
1421 0.05 0.33 4.92
1422 0.05 0.33 4.92
1423 0.06 0.32 4.92
1424 0.06 0.32 4.92
1425 0.06 0.32 4.92
1426 0.06 0.31 4.92
1427 0.06 0.31 4.92
1428 0.06 0.31 4.92
1429 0.06 0.30 4.92
1430 0.06 0.30 4.92
1431 0.06 0.30 4.92
1432 0.06 0.30 4.92
1433 0.06 0.29 4.92
1434 0.06 0.29 4.92
1435 0.06 0.29 4.92
1436 0.06 0.28 4.92
1437 0.06 0.28 4.92
1438 0.06 0.28 4.92
1439 0.07 0.28 4.92
1440 0.07 0.27 4.92
1441 0.07 0.27 4.92
1442 0.07 0.27 4.92
1443 0.07 0.26 4.92
1444 0.07 0.26 4.92
1445 0.07 0.26 4.92
1446 0.07 0.25 4.92
1447 0.07 0.25 4.92
1448 0.07 0.25 4.92
1449 0.07 0.25 4.92
1450 0.07 0.24 4.92
1451 0.07 0.24 4.92
1452 0.07 0.24 4.92
1453 0.07 0.23 4.92
1454 0.07 0.23 4.92
1455 0.08 0.23 4.92
1456 0.08 0.23 4.92
1457 0.08 0.22 4.92
1458 0.08 0.22 4.92
1459 0.08 0.22 4.92
1460 0.08 0.21 4.92
1461 0.08 0.21 4.92
1462 0.08 0.21 4.92
1463 0.08 0.20 4.92
1464 0.08 0.20 4.92
1465 0.08 0.20 4.92
1466 0.08 0.20 4.92
1467 0.08 0.19 4.92
1468 0.08 0.19 4.92
1469 0.08 0.19 4.92
1470 0.08 0.18 4.92
1471 0.09 0.18 4.92
1472 0.09 0.18 4.92
1473 0.09 0.18 4.92
1474 0.09 0.17 4.92
1475 0.09 0.17 4.92
1476 0.09 0.17 4.92
1477 0.09 0.16 4.92
1478 0.09 0.16 4.92
1479 0.09 0.16 4.92
1480 0.09 0.15 4.92
1481 0.09 0.15 4.92
1482 0.09 0.15 4.92
1483 0.09 0.15 4.92
1484 0.09 0.14 4.92
1485 0.09 0.14 4.92
1486 0.09 0.14 4.92
1487 0.10 0.13 4.92
1488 0.10 0.13 4.92
1489 0.10 0.13 4.92
1490 0.10 0.13 4.92
1491 0.10 0.12 4.92
1492 0.10 0.12 4.92
1493 0.10 0.12 4.92
1494 0.10 0.11 4.92
1495 0.10 0.11 4.92
1496 0.10 0.11 4.92
1497 0.10 0.11 4.92
1498 0.10 0.10 4.92
1499 0.10 0.10 4.92
1500 0.10 0.10 4.92
1501 0.10 0.09 4.92
1502 0.10 0.09 4.92
1503 0.11 0.09 4.92
1504 0.11 0.08 4.92
1505 0.11 0.08 4.92
1506 0.11 0.08 4.92
1507 0.11 0.08 4.92
1508 0.11 0.07 4.92
1509 0.11 0.07 4.92
1510 0.11 0.07 4.92
1511 0.11 0.06 4.92
1512 0.11 0.06 4.92
1513 0.11 0.06 4.92
1514 0.11 0.06 4.92
1515 0.11 0.05 4.92
1516 0.11 0.05 4.92
1517 0.11 0.05 4.92
1518 0.11 0.04 4.92
1519 0.12 0.04 4.92
1520 0.12 0.04 4.92
1521 0.12 0.03 4.92
1522 0.12 0.03 4.92
1523 0.12 0.03 4.92
1524 0.12 0.03 4.92
1525 0.12 0.02 4.92
1526 0.12 0.02 4.92
1527 0.12 0.02 4.92
1528 0.12 0.01 4.92
1529 0.12 0.01 4.92
1530 0.12 0.01 4.92
1531 0.12 0.01 4.92
1532 0.12 0.00 4.92
1533 0.12 -0.00 4.92
1534 0.12 -0.00 4.92
1535 0.13 -0.01 4.92
1536 0.13 -0.01 4.92
1537 0.13 -0.01 4.92
1538 0.13 -0.02 4.92
1539 0.13 -0.02 4.92
1540 0.13 -0.02 4.92
1541 0.13 -0.02 4.92
1542 0.13 -0.03 4.92
1543 0.13 -0.03 4.92
1544 0.13 -0.03 4.92
1545 0.13 -0.04 4.92
1546 0.13 -0.04 4.92
1547 0.13 -0.04 4.92
1548 0.13 -0.04 4.92
1549 0.13 -0.05 4.92
1550 0.13 -0.05 4.92
1551 0.14 -0.05 4.92
1552 0.14 -0.06 4.92
1553 0.14 -0.06 4.92
1554 0.14 -0.06 4.92
1555 0.14 -0.07 4.92
1556 0.14 -0.07 4.92
1557 0.14 -0.07 4.92
1558 0.14 -0.07 4.92
1559 0.14 -0.08 4.92
1560 0.14 -0.08 4.92
1561 0.14 -0.08 4.92
1562 0.14 -0.09 4.92
1563 0.14 -0.09 4.92
1564 0.14 -0.09 4.92
1565 0.14 -0.09 4.92
1566 0.14 -0.10 4.92
1567 0.15 -0.10 4.92
1568 0.15 -0.10 4.92
1569 0.15 -0.11 4.92
1570 0.15 -0.11 4.92
1571 0.15 -0.11 4.92
1572 0.15 -0.12 4.92
1573 0.15 -0.12 4.92
1574 0.15 -0.12 4.92
1575 0.15 -0.12 4.92
1576 0.15 -0.12 4.92
1577 0.15 -0.12 4.95
1578 0.15 -0.12 4.97
1579 0.15 -0.12 4.99
1580 0.15 -0.12 5.02
1581 0.15 -0.12 5.04
1582 0.15 -0.12 5.06
1583 0.15 -0.12 5.09
1584 0.15 -0.12 5.11
1585 0.15 -0.12 5.13
1586 0.15 -0.12 5.16
1587 0.15 -0.12 5.18
1588 0.15 -0.12 5.20
1589 0.15 -0.12 5.23
1590 0.15 -0.12 5.25
1591 0.15 -0.12 5.27
1592 0.15 -0.12 5.30
1593 0.15 -0.12 5.32
1594 0.15 -0.12 5.34
1595 0.15 -0.12 5.37
1596 0.15 -0.12 5.39
1597 0.15 -0.12 5.41
1598 0.15 -0.12 5.44
1599 0.15 -0.12 5.46
1600 0.15 -0.12 5.48
1601 0.15 -0.12 5.51
1602 0.15 -0.12 5.53
1603 0.15 -0.12 5.55
1604 0.15 -0.12 5.58
1605 0.15 -0.12 5.60
1606 0.15 -0.12 5.62
1607 0.15 -0.12 5.65
1608 0.15 -0.12 5.67
1609 0.15 -0.12 5.70
1610 0.15 -0.12 5.72
1611 0.15 -0.12 5.74
1612 0.15 -0.12 5.77
1613 0.15 -0.12 5.79
1614 0.15 -0.12 5.81
1615 0.15 -0.12 5.84
1616 0.15 -0.12 5.86
1617 0.15 -0.12 5.88
1618 0.15 -0.12 5.91
1619 0.15 -0.12 5.93
1620 0.15 -0.12 5.95
1621 0.15 -0.12 5.98
1622 0.15 -0.12 6.00
1623 0.15 -0.12 6.02
1624 0.15 -0.12 6.05
1625 0.15 -0.12 6.07
1626 0.15 -0.12 6.09
1627 0.15 -0.12 6.12
1628 0.15 -0.12 6.14
1629 0.15 -0.12 6.16
1630 0.15 -0.12 6.19
1631 0.15 -0.12 6.21
1632 0.15 -0.12 6.23
1633 0.15 -0.12 6.26
1634 0.15 -0.12 6.28
1635 0.15 -0.12 6.30
1636 0.15 -0.12 6.33
1637 0.15 -0.12 6.35
1638 0.15 -0.12 6.37
1639 0.15 -0.12 6.40
1640 0.15 -0.12 6.42
1641 0.15 -0.12 6.45
1642 0.15 -0.12 6.47
1643 0.15 -0.12 6.49
1644 0.15 -0.12 6.52
1645 0.15 -0.12 6.54
