0 0.00 0.00 0.00
1 0.00 0.00 0.00
2 0.00 0.00 0.00
3 0.00 0.00 0.00
4 0.00 0.00 0.00
5 0.00 0.00 0.00
6 0.00 0.00 0.00
7 0.00 0.00 0.00
8 0.00 0.00 0.00
9 0.00 0.00 0.00
10 0.00 0.00 0.00
11 0.00 0.00 0.00
12 0.00 0.00 0.00
13 0.00 0.00 0.00
14 0.00 0.00 0.00
15 0.00 0.00 0.00
16 0.00 0.00 0.00
17 0.00 0.00 0.00
18 0.01 0.00 0.00
19 0.01 0.00 0.00
20 0.01 0.00 0.00
21 0.01 0.00 0.00
22 0.01 0.00 0.00
23 0.01 0.00 0.00
24 0.01 0.00 0.00
25 0.01 0.00 -0.00
26 0.01 0.00 -0.00
27 0.01 0.00 -0.00
28 0.02 0.00 0.00
29 0.02 0.00 -0.00
30 0.02 0.00 -0.00
31 0.02 0.00 0.00
32 0.02 0.00 -0.00
33 0.02 0.00 -0.00
34 0.02 0.00 0.00
35 0.03 0.00 -0.00
36 0.03 0.00 -0.00
37 0.03 0.00 -0.00
38 0.03 0.00 -0.00
39 0.03 0.00 0.00
40 0.03 0.00 -0.00
41 0.04 0.00 0.00
42 0.04 0.00 -0.00
43 0.04 0.00 0.00
44 0.04 0.00 -0.00
45 0.04 0.00 -0.00
46 0.05 0.00 -0.00
47 0.05 0.00 0.00
48 0.05 0.00 -0.00
49 0.05 0.00 0.00
50 0.06 0.00 -0.00
51 0.06 0.00 -0.00
52 0.06 0.00 -0.00
53 0.06 0.00 -0.00
54 0.06 0.00 -0.00
55 0.07 0.00 -0.00
56 0.07 0.00 -0.00
57 0.07 0.00 -0.00
58 0.08 0.00 -0.00
59 0.08 0.00 0.00
60 0.08 0.00 -0.00
61 0.08 0.00 -0.00
62 0.09 0.00 -0.00
63 0.09 0.00 -0.00
64 0.09 0.00 -0.00
65 0.10 0.00 -0.00
66 0.10 0.00 0.00
67 0.10 0.00 -0.00
68 0.11 0.00 -0.00
69 0.11 0.00 -0.00
70 0.11 0.00 -0.00
71 0.12 0.00 0.00
72 0.12 0.00 -0.00
73 0.12 0.00 -0.00
74 0.13 0.00 -0.00
75 0.13 0.00 -0.00
76 0.13 0.00 -0.00
77 0.14 0.00 0.00
78 0.14 0.00 0.00
79 0.14 0.00 -0.00
80 0.15 0.00 -0.00
81 0.15 0.00 -0.00
82 0.16 0.00 -0.00
83 0.16 0.00 -0.00
84 0.16 0.00 -0.00
85 0.17 0.00 -0.00
86 0.17 0.00 -0.00
87 0.18 0.00 -0.00
88 0.18 0.00 -0.00
89 0.18 0.00 -0.00
90 0.19 0.00 -0.00
91 0.19 0.00 -0.00
92 0.20 0.00 -0.00
93 0.20 0.00 -0.00
94 0.20 0.00 -0.00
95 0.21 0.00 0.00
96 0.21 0.00 0.00
97 0.22 0.00 0.00
98 0.22 0.00 0.00
99 0.22 0.00 0.00
100 0.23 0.00 -0.00
101 0.23 0.00 -0.00
102 0.24 0.00 -0.00
103 0.24 0.00 -0.00
104 0.24 0.00 -0.00
105 0.25 0.00 -0.00
106 0.25 0.00 -0.00
107 0.26 0.00 -0.00
108 0.26 0.00 -0.00
109 0.26 0.00 -0.00
110 0.27 0.00 -0.00
111 0.27 0.00 -0.00
112 0.28 0.00 -0.00
113 0.28 0.00 -0.00
114 0.28 0.00 -0.00
115 0.29 0.00 -0.00
116 0.29 0.00 -0.00
117 0.30 0.00 -0.00
118 0.30 0.00 0.00
119 0.30 0.00 0.00
120 0.31 0.00 0.00
121 0.31 0.00 0.00
122 0.32 0.00 0.00
123 0.32 0.00 -0.00
124 0.32 0.00 -0.00
125 0.33 0.00 -0.00
126 0.33 0.00 -0.00
127 0.34 0.00 -0.00
128 0.34 0.00 -0.00
129 0.34 0.00 -0.00
130 0.35 0.00 -0.00
131 0.35 0.00 -0.00
132 0.36 0.00 -0.00
133 0.36 0.00 -0.00
134 0.36 0.00 -0.00
135 0.37 0.00 -0.00
136 0.37 0.00 -0.00
137 0.38 0.00 -0.00
138 0.38 0.00 -0.00
139 0.38 0.00 -0.00
140 0.39 0.00 -0.00
141 0.39 0.00 0.00
142 0.40 0.00 0.00
143 0.40 0.00 0.00
144 0.40 0.00 0.00
145 0.41 0.00 0.00
146 0.41 0.00 -0.00
147 0.42 0.00 -0.00
148 0.42 0.00 -0.00
149 0.42 0.00 -0.00
150 0.43 0.00 -0.00
151 0.43 0.00 -0.00
152 0.44 0.00 -0.00
153 0.44 0.00 -0.00
154 0.44 0.00 -0.00
155 0.45 0.00 -0.00
156 0.45 0.00 -0.00
157 0.46 0.00 -0.00
158 0.46 0.00 -0.00
159 0.46 0.00 -0.00
160 0.47 0.00 -0.00
161 0.47 0.00 -0.00
162 0.48 0.00 -0.00
163 0.48 0.00 -0.00
164 0.48 0.00 0.00
165 0.49 0.00 0.00
166 0.49 0.00 0.00
167 0.50 0.00 0.00
168 0.50 0.00 0.00
169 0.50 0.00 -0.00
170 0.51 0.00 -0.00
171 0.51 0.00 -0.00
172 0.52 0.00 -0.00
173 0.52 0.00 -0.00
174 0.52 0.00 -0.00
175 0.53 0.00 -0.00
176 0.53 0.00 -0.00
177 0.54 0.00 -0.00
178 0.54 0.00 -0.00
179 0.54 0.00 -0.00
180 0.55 0.00 -0.00
181 0.55 0.00 -0.00
182 0.56 0.00 -0.00
183 0.56 0.00 -0.00
184 0.56 0.00 -0.00
185 0.57 0.00 -0.00
186 0.57 0.00 -0.00
187 0.58 0.00 0.00
188 0.58 0.00 0.00
189 0.58 0.00 0.00
190 0.59 0.00 0.00
191 0.59 0.00 0.00
192 0.60 0.00 -0.00
193 0.60 0.00 -0.00
194 0.60 0.00 -0.00
195 0.61 0.00 -0.00
196 0.61 0.00 -0.00
197 0.62 0.00 -0.00
198 0.62 0.00 -0.00
199 0.62 0.00 -0.00
200 0.63 0.00 -0.00
201 0.63 0.00 -0.00
202 0.64 0.00 -0.00
203 0.64 0.00 -0.00
204 0.64 0.00 -0.00
205 0.65 0.00 -0.00
206 0.65 0.00 -0.00
207 0.66 0.00 -0.00
208 0.66 0.00 -0.00
209 0.66 0.00 -0.00
210 0.67 0.00 0.00
211 0.67 0.00 0.00
212 0.68 0.00 0.00
213 0.68 0.00 0.00
214 0.68 0.00 0.00
215 0.69 0.00 -0.00
216 0.69 0.00 -0.00
217 0.70 0.00 -0.00
218 0.70 0.00 -0.00
219 0.70 0.00 -0.00
220 0.71 0.00 -0.00
221 0.71 0.00 -0.00
222 0.72 0.00 -0.00
223 0.72 0.00 -0.00
224 0.72 0.00 -0.00
225 0.73 0.00 -0.00
226 0.73 0.00 -0.00
227 0.74 0.00 -0.00
228 0.74 0.00 -0.00
229 0.74 0.00 -0.00
230 0.75 0.00 -0.00
231 0.75 0.00 -0.00
232 0.76 0.00 -0.00
233 0.76 0.00 0.00
234 0.76 0.00 0.00
235 0.77 0.00 0.00
236 0.77 0.00 0.00
237 0.78 0.00 0.00
238 0.78 0.00 -0.00
239 0.78 0.00 -0.00
240 0.79 0.00 -0.00
241 0.79 0.00 -0.00
242 0.80 0.00 -0.00
243 0.80 0.00 -0.00
244 0.80 0.00 -0.00
245 0.81 0.00 -0.00
246 0.81 0.00 -0.00
247 0.82 0.00 -0.00
248 0.82 0.00 -0.00
249 0.82 0.00 -0.00
250 0.83 0.00 -0.00
251 0.83 0.00 -0.00
252 0.84 0.00 -0.00
253 0.84 0.00 -0.00
254 0.84 0.00 -0.00
255 0.85 0.00 -0.00
256 0.85 0.00 0.00
257 0.86 0.00 0.00
258 0.86 0.00 0.00
259 0.86 0.00 0.00
260 0.87 0.00 0.00
261 0.87 0.00 -0.00
262 0.88 0.00 -0.00
263 0.88 0.00 -0.00
264 0.88 0.00 -0.00
265 0.89 0.00 -0.00
266 0.89 0.00 -0.00
267 0.90 0.00 -0.00
268 0.90 0.00 -0.00
269 0.90 0.00 -0.00
270 0.91 0.00 -0.00
271 0.91 0.00 -0.00
272 0.92 0.00 -0.00
273 0.92 0.00 -0.00
274 0.92 0.00 -0.00
275 0.93 0.00 -0.00
276 0.93 0.00 -0.00
277 0.94 0.00 -0.00
278 0.94 0.00 -0.00
279 0.94 0.00 0.00
280 0.95 0.00 0.00
281 0.95 0.00 0.00
282 0.96 0.00 0.00
283 0.96 0.00 0.00
284 0.96 0.00 -0.00
285 0.97 0.00 -0.00
286 0.97 0.00 -0.00
287 0.98 0.00 -0.00
288 0.98 0.00 -0.00
289 0.98 0.00 -0.00
290 0.99 0.00 -0.00
291 0.99 0.00 -0.00
292 1.00 0.00 -0.00
293 1.00 0.00 -0.00
294 1.00 0.00 -0.00
295 1.01 0.00 -0.00
296 1.01 0.00 -0.00
297 1.02 0.00 -0.00
298 1.02 0.00 -0.00
299 1.02 0.00 -0.00
300 1.03 0.00 -0.00
301 1.03 0.00 -0.00
302 1.04 0.00 0.00
303 1.04 0.00 0.00
304 1.04 0.00 0.00
305 1.05 0.00 0.00
306 1.05 0.00 0.00
307 1.06 0.00 -0.00
308 1.06 0.00 -0.00
309 1.06 0.00 -0.00
310 1.07 0.00 -0.00
311 1.07 0.00 -0.00
312 1.08 0.00 -0.00
313 1.08 0.00 -0.00
314 1.08 0.00 -0.00
315 1.09 0.00 -0.00
316 1.09 0.00 -0.00
317 1.10 0.00 -0.00
318 1.10 0.00 -0.00
319 1.10 0.00 -0.00
320 1.11 0.00 -0.00
321 1.11 0.00 -0.00
322 1.12 0.00 -0.00
323 1.12 0.00 -0.00
324 1.12 0.00 -0.00
325 1.13 0.00 0.00
326 1.13 0.00 0.00
327 1.14 0.00 0.00
328 1.14 0.00 0.00
329 1.14 0.00 0.00
330 1.15 0.00 -0.00
331 1.15 0.00 -0.00
332 1.16 0.00 -0.00
333 1.16 0.00 -0.00
334 1.16 0.00 -0.00
335 1.17 0.00 -0.00
336 1.17 0.00 -0.00
337 1.18 0.00 -0.00
338 1.18 0.00 -0.00
339 1.18 0.00 -0.00
340 1.19 0.00 -0.00
341 1.19 0.00 -0.00
342 1.20 0.00 -0.00
343 1.20 0.00 -0.00
344 1.20 0.00 -0.00
345 1.21 0.00 -0.00
346 1.21 0.00 -0.00
347 1.22 0.00 -0.00
348 1.22 0.00 0.00
349 1.22 0.00 0.00
350 1.23 0.00 0.00
351 1.23 0.00 0.00
352 1.24 0.00 0.00
353 1.24 0.00 -0.00
354 1.24 0.00 -0.00
355 1.25 0.00 -0.00
356 1.25 0.00 -0.00
357 1.26 0.00 -0.00
358 1.26 0.00 -0.00
359 1.26 0.00 -0.00
360 1.27 0.00 -0.00
361 1.27 0.00 -0.00
362 1.28 0.00 -0.00
363 1.28 0.00 -0.00
364 1.28 0.00 -0.00
365 1.29 0.00 -0.00
366 1.29 0.00 -0.00
367 1.30 0.00 -0.00
368 1.30 0.00 -0.00
369 1.30 0.00 -0.00
370 1.31 0.00 -0.00
371 1.31 0.00 0.00
372 1.32 0.00 0.00
373 1.32 0.00 0.00
374 1.32 0.00 0.00
375 1.33 0.00 0.00
376 1.33 0.00 -0.00
377 1.34 0.00 -0.00
378 1.34 0.00 -0.00
379 1.34 0.00 -0.00
380 1.35 0.00 -0.00
381 1.35 0.00 -0.00
382 1.36 0.00 -0.00
383 1.36 0.00 -0.00
384 1.36 0.00 -0.00
385 1.37 0.00 -0.00
386 1.37 0.00 -0.00
387 1.38 0.00 -0.00
388 1.38 0.00 -0.00
389 1.38 0.00 -0.00
390 1.39 0.00 -0.00
391 1.39 0.00 -0.00
392 1.40 0.00 -0.00
393 1.40 0.00 -0.00
394 1.40 0.00 0.00
395 1.41 0.00 0.00
396 1.41 0.00 0.00
397 1.42 0.00 0.00
398 1.42 0.00 0.00
399 1.42 0.00 -0.00
400 1.43 0.00 -0.00
401 1.43 0.00 -0.00
402 1.44 0.00 -0.00
403 1.44 0.00 -0.00
404 1.44 0.00 -0.00
405 1.45 0.00 -0.00
406 1.46 0.00 -0.00
407 1.46 0.00 -0.00
408 1.46 0.00 -0.00
409 1.47 0.00 -0.00
410 1.47 0.00 -0.00
411 1.48 0.00 -0.00
412 1.48 0.00 -0.00
413 1.48 0.00 -0.00
414 1.49 0.00 -0.00
415 1.49 0.00 -0.00
416 1.50 0.00 0.00
417 1.50 0.00 0.00
418 1.50 0.00 0.00
419 1.51 0.00 0.00
420 1.51 0.00 0.00
421 1.52 0.00 -0.00
422 1.52 0.00 -0.00
423 1.53 0.00 -0.00
424 1.53 0.00 -0.00
425 1.54 0.00 -0.00
426 1.54 0.00 -0.00
427 1.54 0.00 -0.00
428 1.55 0.00 -0.00
429 1.55 0.00 -0.00
430 1.56 0.00 -0.00
431 1.56 0.00 -0.00
432 1.56 0.00 -0.00
433 1.57 0.00 -0.00
434 1.57 0.00 -0.00
435 1.58 0.00 -0.00
436 1.58 0.00 -0.00
437 1.58 0.00 -0.00
438 1.59 0.00 0.00
439 1.59 0.00 0.00
440 1.60 0.00 0.00
441 1.60 0.00 0.00
442 1.60 0.00 0.00
443 1.61 0.00 -0.00
444 1.61 0.00 -0.00
445 1.62 0.00 -0.00
446 1.62 0.00 -0.00
447 1.62 0.00 -0.00
448 1.63 0.00 -0.00
449 1.63 0.00 -0.00
450 1.64 0.00 -0.00
451 1.64 0.00 -0.00
452 1.64 0.00 -0.00
453 1.65 0.00 -0.00
454 1.65 0.00 -0.00
455 1.66 0.00 -0.00
456 1.66 0.00 -0.00
457 1.66 0.00 -0.00
458 1.67 0.00 -0.00
459 1.67 0.00 -0.00
460 1.68 0.00 -0.00
461 1.68 0.00 -0.00
462 1.68 0.00 0.00
463 1.69 0.00 0.00
464 1.69 0.00 0.00
465 1.70 0.00 0.00
466 1.70 0.00 -0.00
467 1.70 0.00 -0.00
468 1.71 0.00 -0.00
469 1.71 0.00 -0.00
470 1.72 0.00 -0.00
471 1.72 0.00 -0.00
472 1.72 0.00 -0.00
473 1.73 0.00 -0.00
474 1.73 0.00 -0.00
475 1.74 0.00 -0.00
476 1.74 0.00 -0.00
477 1.74 0.00 -0.00
478 1.75 0.00 -0.00
479 1.75 0.00 -0.00
480 1.76 0.00 -0.00
481 1.76 0.00 -0.00
482 1.76 0.00 -0.00
483 1.77 0.00 -0.00
484 1.77 0.00 -0.00
485 1.78 0.00 0.00
486 1.78 0.00 0.00
487 1.78 0.00 0.00
488 1.79 0.00 0.00
489 1.79 0.00 -0.00
490 1.80 0.00 -0.00
491 1.80 0.00 -0.00
492 1.80 0.00 -0.00
493 1.81 0.00 -0.00
494 1.81 0.00 -0.00
495 1.82 0.00 -0.00
496 1.82 0.00 -0.00
497 1.82 0.00 -0.00
498 1.83 0.00 -0.00
499 1.83 0.00 -0.00
500 1.84 0.00 -0.00
501 1.84 0.00 -0.00
502 1.84 0.00 -0.00
503 1.85 0.00 -0.00
504 1.85 0.00 -0.00
505 1.86 0.00 -0.00
506 1.86 0.00 -0.00
507 1.86 0.00 -0.00
508 1.87 0.00 0.00
509 1.87 0.00 0.00
510 1.88 0.00 0.00
511 1.88 0.00 0.00
512 1.88 0.00 -0.00
513 1.89 0.00 -0.00
514 1.89 0.00 -0.00
515 1.90 0.00 -0.00
516 1.90 0.00 -0.00
517 1.90 0.00 -0.00
518 1.91 0.00 -0.00
519 1.91 0.00 -0.00
520 1.92 0.00 -0.00
521 1.92 0.00 -0.00
522 1.92 0.00 -0.00
523 1.93 0.00 -0.00
524 1.93 0.00 -0.00
525 1.94 0.00 -0.00
526 1.94 0.00 -0.00
527 1.94 0.00 -0.00
528 1.95 0.00 -0.00
529 1.95 0.00 -0.00
530 1.96 0.00 -0.00
531 1.96 0.00 0.00
532 1.96 0.00 0.00
533 1.97 0.00 0.00
534 1.97 0.00 0.00
535 1.98 0.00 -0.00
536 1.98 0.00 -0.00
537 1.98 0.00 -0.00
538 1.99 0.00 -0.00
539 1.99 0.00 -0.00
540 2.00 0.00 -0.00
541 2.00 0.00 -0.00
542 2.00 0.00 -0.00
543 2.01 0.00 -0.00
544 2.01 0.00 -0.00
