0 0.00 0.00 0.00
1 0.00 0.00 0.00
2 0.00 0.00 0.00
3 0.00 0.00 0.00
4 0.00 0.00 0.00
5 0.00 0.00 0.00
6 0.00 0.00 0.00
7 0.00 0.00 0.00
8 0.00 0.00 0.00
9 0.00 0.00 0.00
10 0.00 0.00 0.00
11 0.00 0.00 0.00
12 0.00 0.00 0.00
13 0.00 0.00 0.00
14 0.00 0.00 0.00
15 0.00 0.00 0.00
16 0.00 0.00 0.00
17 0.00 0.00 0.00
18 0.01 0.00 0.00
19 0.01 0.00 0.00
20 0.01 0.00 0.00
21 0.01 0.00 0.00
22 0.01 0.00 0.00
23 0.01 0.00 0.00
24 0.01 0.00 0.00
25 0.01 0.00 0.00
26 0.01 0.00 0.00
27 0.01 0.00 0.00
28 0.02 0.00 0.00
29 0.02 0.00 0.00
30 0.02 0.00 0.00
31 0.02 0.00 0.00
32 0.02 0.00 0.00
33 0.02 0.00 0.00
34 0.02 0.00 0.00
35 0.03 0.00 0.00
36 0.03 0.00 0.00
37 0.03 0.00 0.00
38 0.03 0.00 0.00
39 0.03 0.00 0.00
40 0.03 0.00 0.00
41 0.04 0.00 0.00
42 0.04 0.00 0.00
43 0.04 0.00 0.00
44 0.04 0.00 0.00
45 0.04 0.00 0.00
46 0.05 0.00 0.00
47 0.05 0.00 0.00
48 0.05 0.00 0.00
49 0.05 0.00 0.00
50 0.05 0.00 0.00
51 0.06 0.00 0.00
52 0.06 0.00 0.00
53 0.06 0.00 0.00
54 0.06 0.00 0.00
55 0.06 0.00 0.00
56 0.07 0.00 0.00
57 0.07 0.00 0.00
58 0.07 0.00 0.00
59 0.07 0.00 0.00
60 0.07 0.00 0.00
61 0.08 0.00 0.00
62 0.08 0.00 0.00
63 0.08 0.00 0.00
64 0.08 0.00 0.00
65 0.08 0.00 0.00
66 0.09 0.00 0.00
67 0.09 0.00 0.00
68 0.09 0.00 0.00
69 0.09 0.00 0.00
70 0.09 0.00 0.00
71 0.10 0.00 0.00
72 0.10 0.00 0.00
73 0.10 0.00 0.00
74 0.10 0.00 0.00
75 0.10 0.00 0.00
76 0.11 0.00 0.00
77 0.11 0.00 0.00
78 0.11 0.00 0.00
79 0.11 0.00 0.00
80 0.11 0.00 0.00
81 0.12 0.00 0.00
82 0.12 0.00 0.00
83 0.12 0.00 0.00
84 0.12 0.00 0.00
85 0.12 0.00 0.00
86 0.13 0.00 0.00
87 0.13 0.00 0.00
88 0.13 0.00 0.00
89 0.13 0.00 0.00
90 0.13 0.00 0.00
91 0.14 0.00 0.00
92 0.14 0.00 0.00
93 0.14 0.00 0.00
94 0.14 0.00 0.00
95 0.14 0.00 0.00
96 0.15 0.00 0.00
97 0.15 0.00 0.00
98 0.15 0.00 0.00
99 0.15 0.00 0.00
100 0.15 0.00 0.00
101 0.16 0.00 0.00
102 0.16 0.00 0.00
103 0.16 0.00 0.00
104 0.16 0.00 0.00
105 0.16 0.00 0.00
106 0.17 0.00 0.00
107 0.17 0.00 0.00
108 0.17 0.00 0.00
109 0.17 0.00 0.00
110 0.17 0.00 0.00
111 0.18 0.00 0.00
112 0.18 0.00 0.00
113 0.18 0.00 0.00
114 0.18 0.00 0.00
115 0.18 0.00 0.00
116 0.19 0.00 0.00
117 0.19 0.00 0.00
118 0.19 0.00 0.00
119 0.19 0.00 0.00
120 0.19 0.00 0.00
121 0.20 0.00 0.00
122 0.20 0.00 0.00
123 0.20 0.00 0.00
124 0.20 0.00 0.00
125 0.20 0.00 0.00
126 0.21 0.00 0.00
127 0.21 0.00 0.00
128 0.21 0.00 0.00
129 0.21 0.00 0.00
130 0.21 0.00 0.00
131 0.22 0.00 0.00
132 0.22 0.00 0.00
133 0.22 0.00 0.00
134 0.22 0.00 0.00
135 0.22 0.00 0.00
136 0.23 0.00 0.00
137 0.23 0.00 0.00
138 0.23 0.00 0.00
139 0.23 0.00 0.00
140 0.23 0.00 0.00
141 0.24 0.00 0.00
142 0.24 0.00 0.00
143 0.24 0.00 0.00
144 0.24 0.00 0.00
145 0.24 0.00 0.00
146 0.25 0.00 0.00
147 0.25 0.00 0.00
148 0.25 0.00 0.00
149 0.25 0.00 0.00
150 0.25 0.00 0.00
151 0.26 0.00 0.00
152 0.26 0.00 0.00
153 0.26 0.00 0.00
154 0.26 0.00 0.00
155 0.26 0.00 0.00
156 0.27 0.00 0.00
157 0.27 0.00 0.00
158 0.27 0.00 0.00
159 0.27 0.00 0.00
160 0.27 0.00 0.00
161 0.28 0.00 0.00
162 0.28 0.00 0.00
163 0.28 0.00 0.00
164 0.28 0.00 0.00
165 0.28 0.00 0.00
166 0.29 0.00 0.00
167 0.29 0.00 0.00
168 0.29 0.00 0.00
169 0.29 0.00 0.00
170 0.29 0.00 0.00
171 0.30 0.00 0.00
172 0.30 0.00 0.00
173 0.30 0.00 0.00
174 0.30 0.00 0.00
175 0.30 0.00 0.00
176 0.31 0.00 0.00
177 0.31 0.00 0.00
178 0.31 0.00 0.00
179 0.31 0.00 0.00
180 0.31 0.00 0.00
181 0.32 0.00 0.00
182 0.32 0.00 0.00
183 0.32 0.00 0.00
184 0.32 0.00 0.00
185 0.32 0.00 0.00
186 0.33 0.00 0.00
187 0.33 0.00 0.00
188 0.33 0.00 0.00
189 0.33 0.00 0.00
190 0.33 0.00 0.00
191 0.34 0.00 0.00
192 0.34 0.00 0.00
193 0.34 0.00 0.00
194 0.34 0.00 0.00
195 0.34 0.00 0.00
196 0.35 0.00 0.00
197 0.35 0.00 0.00
198 0.35 0.00 0.00
199 0.35 0.00 0.00
200 0.35 0.00 0.00
201 0.36 0.00 0.00
202 0.36 0.00 0.00
203 0.36 0.00 0.00
204 0.36 0.00 0.00
205 0.36 0.00 0.00
206 0.37 0.00 0.00
207 0.37 0.00 0.00
208 0.37 0.00 0.00
209 0.37 0.00 0.00
210 0.37 0.00 0.00
211 0.38 0.00 0.00
212 0.38 0.00 0.00
213 0.38 0.00 0.00
214 0.38 0.00 0.00
215 0.38 0.00 0.00
216 0.39 0.00 0.00
217 0.39 0.00 0.00
218 0.39 0.00 0.00
219 0.39 0.00 0.00
220 0.39 0.00 0.00
221 0.40 0.00 0.00
222 0.40 0.00 0.00
223 0.40 0.00 0.00
224 0.40 0.00 0.00
225 0.40 0.00 0.00
226 0.41 0.00 0.00
227 0.41 0.00 0.00
228 0.41 0.00 0.00
229 0.41 0.00 0.00
230 0.41 0.00 0.00
231 0.42 0.00 0.00
232 0.42 0.00 0.00
233 0.42 0.00 0.00
234 0.42 0.00 0.00
235 0.42 0.00 0.00
236 0.43 0.00 0.00
237 0.43 0.00 0.00
238 0.43 0.00 0.00
239 0.43 0.00 0.00
240 0.43 0.00 0.00
241 0.44 0.00 0.00
242 0.44 0.00 0.00
243 0.44 0.00 0.00
244 0.44 0.00 0.00
245 0.44 0.00 0.00
246 0.45 0.00 0.00
247 0.45 0.00 0.00
248 0.45 0.00 0.00
249 0.45 0.00 0.00
250 0.45 0.00 0.00
251 0.46 0.00 0.00
252 0.46 0.00 0.00
253 0.46 0.00 0.00
254 0.46 0.00 0.00
255 0.46 0.00 0.00
256 0.47 0.00 0.00
257 0.47 0.00 0.00
258 0.47 0.00 0.00
259 0.47 0.00 0.00
260 0.47 0.00 0.00
261 0.48 0.00 0.00
262 0.48 0.00 0.00
263 0.48 0.00 0.00
264 0.48 0.00 0.00
265 0.48 0.00 0.00
266 0.49 0.00 0.00
267 0.49 0.00 0.00
268 0.49 0.00 0.00
269 0.49 0.00 0.00
270 0.49 0.00 0.00
271 0.50 0.00 0.00
272 0.50 0.00 0.00
273 0.50 0.00 0.00
274 0.50 0.00 0.00
275 0.50 0.00 0.00
276 0.51 0.00 0.00
277 0.51 0.00 0.00
278 0.51 0.00 0.00
279 0.51 0.00 0.00
280 0.51 0.00 0.00
281 0.52 0.00 0.00
282 0.52 0.00 0.00
283 0.52 0.00 0.00
284 0.52 0.00 0.00
285 0.52 0.00 0.00
286 0.53 0.00 0.00
287 0.53 0.00 0.00
288 0.53 0.00 0.00
289 0.53 0.00 0.00
290 0.53 0.00 0.00
291 0.54 0.00 0.00
292 0.54 0.00 0.00
293 0.54 0.00 0.00
294 0.54 0.00 0.00
295 0.54 0.00 0.00
296 0.55 0.00 0.00
297 0.55 0.00 0.00
298 0.55 0.00 0.00
299 0.55 0.00 0.00
300 0.55 0.00 0.00
301 0.56 0.00 0.00
302 0.56 0.00 0.00
303 0.56 0.00 0.00
304 0.56 0.00 0.00
305 0.56 0.00 0.00
306 0.57 0.00 0.00
307 0.57 0.00 0.00
308 0.57 0.00 0.00
309 0.57 0.00 0.00
310 0.57 0.00 0.00
311 0.58 0.00 0.00
312 0.58 0.00 0.00
313 0.58 0.00 0.00
314 0.58 0.00 0.00
315 0.58 0.00 0.00
316 0.59 0.00 0.00
317 0.59 0.00 0.00
318 0.59 0.00 0.00
319 0.59 0.00 0.00
320 0.59 0.00 0.00
321 0.60 0.00 0.00
322 0.60 0.00 0.00
323 0.60 0.00 0.00
324 0.60 0.00 0.00
325 0.60 0.00 0.00
326 0.61 0.00 0.00
327 0.61 0.00 0.00
328 0.61 0.00 0.00
329 0.61 0.00 0.00
330 0.61 0.00 0.00
331 0.62 0.00 0.00
332 0.62 0.00 0.00
333 0.62 0.00 0.00
334 0.62 0.00 0.00
335 0.62 0.00 0.00
336 0.63 0.00 0.00
337 0.63 0.00 0.00
338 0.63 0.00 0.00
339 0.63 0.00 0.00
340 0.63 0.00 0.00
341 0.64 0.00 0.00
342 0.64 0.00 0.00
343 0.64 0.00 0.00
344 0.64 0.00 0.00
345 0.64 0.00 0.00
346 0.65 0.00 0.00
347 0.65 0.00 0.00
348 0.65 0.00 0.00
349 0.65 0.00 0.00
350 0.65 0.00 0.00
351 0.66 0.00 0.00
352 0.66 0.00 0.00
353 0.66 0.00 0.00
354 0.66 0.00 0.00
355 0.66 0.00 0.00
356 0.67 0.00 0.00
357 0.67 0.00 0.00
358 0.67 0.00 0.00
359 0.67 0.00 0.00
360 0.67 0.00 0.00
361 0.68 0.00 0.00
362 0.68 0.00 0.00
363 0.68 0.00 0.00
364 0.68 0.00 0.00
365 0.68 0.00 0.00
366 0.69 0.00 0.00
367 0.69 0.00 0.00
368 0.69 0.00 0.00
369 0.69 0.00 0.00
370 0.69 0.00 0.00
371 0.70 0.00 0.00
372 0.70 0.00 0.00
373 0.70 0.00 0.00
374 0.70 0.00 0.00
375 0.70 0.00 0.00
376 0.71 0.00 0.00
377 0.71 0.00 0.00
378 0.71 0.00 0.00
379 0.71 0.00 0.00
380 0.71 0.00 0.00
381 0.72 0.00 0.00
382 0.72 0.00 0.00
383 0.72 0.00 0.00
384 0.72 0.00 0.00
385 0.72 0.00 0.00
386 0.73 0.00 0.00
387 0.73 0.00 0.00
388 0.73 0.00 0.00
389 0.73 0.00 0.00
390 0.73 0.00 0.00
391 0.74 0.00 0.00
392 0.74 0.00 0.00
393 0.74 0.00 0.00
394 0.74 0.00 0.00
395 0.74 0.00 0.00
396 0.75 0.00 0.00
397 0.75 0.00 0.00
398 0.75 0.00 0.00
399 0.75 0.00 0.00
400 0.75 0.00 0.00
401 0.76 0.00 0.00
402 0.76 0.00 0.00
403 0.76 0.00 0.00
404 0.76 0.00 0.00
405 0.76 0.00 0.00
406 0.77 0.00 0.00
407 0.77 0.00 0.00
408 0.77 0.00 0.00
409 0.77 0.00 0.00
410 0.77 0.00 0.00
411 0.78 0.00 0.00
412 0.78 0.00 0.00
413 0.78 0.00 0.00
414 0.78 0.00 0.00
415 0.78 0.00 0.00
416 0.79 0.00 0.00
417 0.79 0.00 0.00
418 0.79 0.00 0.00
419 0.79 0.00 0.00
420 0.79 0.00 0.00
421 0.80 0.00 0.00
422 0.80 0.00 0.00
423 0.80 0.00 0.00
424 0.80 0.00 0.00
425 0.80 0.00 0.00
426 0.81 0.00 0.00
427 0.81 0.00 0.00
428 0.81 0.00 0.00
429 0.81 0.00 0.00
430 0.81 0.00 0.00
431 0.82 0.00 0.00
432 0.82 0.00 0.00
433 0.82 0.00 0.00
434 0.82 0.00 0.00
435 0.82 0.00 0.00
436 0.83 0.00 0.00
437 0.83 0.00 0.00
438 0.83 0.00 0.00
439 0.83 0.00 0.00
440 0.83 0.00 0.00
441 0.84 0.00 0.00
442 0.84 0.00 0.00
443 0.84 0.00 0.00
444 0.84 0.00 0.00
445 0.85 0.00 0.00
446 0.85 0.00 0.00
447 0.85 0.00 0.00
448 0.85 0.00 0.00
449 0.85 0.00 0.00
450 0.86 0.00 0.00
451 0.86 0.00 0.00
452 0.86 0.00 0.00
453 0.86 0.00 0.00
454 0.86 0.00 0.00
455 0.87 0.00 0.00
456 0.87 0.00 0.00
457 0.87 0.00 0.00
458 0.87 0.00 0.00
459 0.87 0.00 0.00
460 0.88 0.00 0.00
461 0.88 0.00 0.00
462 0.88 0.00 0.00
463 0.88 0.00 0.00
464 0.88 0.00 0.00
465 0.89 0.00 0.00
466 0.89 0.00 0.00
467 0.89 0.00 0.00
468 0.89 0.00 0.00
469 0.89 0.00 0.00
470 0.90 0.00 0.00
471 0.90 0.00 0.00
472 0.90 0.00 0.00
473 0.90 0.00 0.00
474 0.90 0.00 0.00
475 0.91 0.00 0.00
476 0.91 0.00 0.00
477 0.91 0.00 0.00
478 0.91 0.00 0.00
479 0.91 0.00 0.00
480 0.92 0.00 0.00
481 0.92 0.00 0.00
482 0.92 0.00 0.00
483 0.92 0.00 0.00
484 0.92 0.00 0.00
485 0.93 0.00 0.00
486 0.93 0.00 0.00
487 0.93 0.00 0.00
488 0.93 0.00 0.00
489 0.93 0.00 0.00
490 0.94 0.00 0.00
491 0.94 0.00 0.00
492 0.94 0.00 0.00
493 0.94 0.00 0.00
494 0.94 0.00 0.00
495 0.95 0.00 0.00
496 0.95 0.00 0.00
497 0.95 0.00 0.00
498 0.95 0.00 0.00
499 0.95 0.00 0.00
500 0.96 0.00 0.00
501 0.96 0.00 0.00
502 0.96 0.00 0.00
503 0.96 0.00 0.00
504 0.96 0.00 0.00
505 0.97 0.00 0.00
506 0.97 0.00 0.00
507 0.97 0.00 0.00
508 0.97 0.00 0.00
509 0.97 0.00 0.00
510 0.98 0.00 0.00
511 0.98 0.00 0.00
512 0.98 0.00 0.00
513 0.98 0.00 0.00
514 0.98 0.00 0.00
515 0.99 0.00 0.00
516 0.99 0.00 0.00
517 0.99 0.00 0.00
518 0.99 0.00 0.00
519 0.99 0.00 0.00
520 1.00 0.00 0.00
521 1.00 0.00 0.00
522 1.00 0.00 0.00
523 1.00 0.00 0.00
524 1.00 0.00 0.00
525 1.01 0.00 0.00
526 1.01 0.00 0.00
527 1.01 0.00 0.00
528 1.01 0.00 0.02
529 1.01 0.00 0.03
530 1.01 0.00 0.05
531 1.01 0.00 0.06
532 1.01 0.00 0.08
533 1.01 0.00 0.09
534 1.01 0.00 0.11
535 1.01 0.00 0.13
536 1.01 0.00 0.14
537 1.01 0.00 0.16
538 1.01 0.00 0.17
539 1.01 0.00 0.19
540 1.01 0.00 0.20
541 1.01 0.00 0.22
542 1.01 0.00 0.23
543 1.01 0.00 0.25
544 1.01 0.00 0.27
545 1.01 0.00 0.28
546 1.01 0.00 0.30
547 1.01 0.00 0.31
548 1.01 0.00 0.33
549 1.01 0.00 0.34
550 1.01 0.00 0.36
551 1.01 0.00 0.38
552 1.01 0.00 0.39
553 1.01 0.00 0.41
554 1.01 0.00 0.42
555 1.01 0.00 0.44
556 1.01 0.00 0.45
557 1.01 0.00 0.47
558 1.01 0.00 0.48
559 1.01 0.00 0.50
560 1.01 0.00 0.52
561 1.01 0.00 0.53
562 1.01 0.00 0.55
563 1.01 0.00 0.56
564 1.01 0.00 0.58
565 1.01 0.00 0.59
566 1.01 0.00 0.61
567 1.01 0.00 0.63
568 1.01 0.00 0.64
569 1.01 0.00 0.66
570 1.01 0.00 0.67
571 1.01 0.00 0.69
572 1.01 0.00 0.70
573 1.01 0.00 0.72
574 1.01 0.00 0.73
575 1.01 0.00 0.75
576 1.01 0.00 0.77
577 1.01 0.00 0.78
578 1.01 0.00 0.80
579 1.01 0.00 0.81
580 1.01 0.00 0.83
581 1.01 0.00 0.84
582 1.01 0.00 0.86
583 1.01 0.00 0.88
584 1.01 0.00 0.89
585 1.01 0.00 0.91
586 1.01 0.00 0.92
587 1.01 0.00 0.94
588 1.01 0.00 0.95
589 1.01 0.00 0.97
590 1.01 0.00 0.98
591 1.01 0.00 1.00
592 1.01 0.00 1.02
593 1.01 0.00 1.03
594 1.01 0.00 1.05
595 1.01 0.00 1.06
596 1.01 0.00 1.08
597 1.01 0.00 1.09
598 1.01 0.00 1.11
599 1.01 0.00 1.13
600 1.01 0.00 1.14
601 1.01 0.00 1.16
602 1.01 0.00 1.17
603 1.01 0.00 1.19
604 1.01 0.00 1.20
605 1.01 0.00 1.22
606 1.01 0.00 1.23
607 1.01 0.00 1.25
608 1.01 0.00 1.27
609 1.01 0.00 1.28
610 1.01 0.00 1.30
611 1.01 0.00 1.31
612 1.01 0.00 1.33
613 1.01 0.00 1.34
614 1.01 0.00 1.36
615 1.01 0.00 1.38
616 1.01 0.00 1.39
617 1.01 0.00 1.41
618 1.01 0.00 1.42
619 1.01 0.00 1.44
620 1.01 0.00 1.45
621 1.01 0.00 1.47
622 1.01 0.00 1.48
623 1.01 0.00 1.50
624 1.01 0.00 1.51
625 1.01 0.00 1.52
626 1.01 0.00 1.54
627 1.01 0.00 1.55
628 1.01 0.00 1.56
629 1.01 0.00 1.57
630 1.01 0.00 1.59
631 1.01 0.00 1.60
632 1.01 0.00 1.60
633 1.01 0.00 1.61
634 1.01 0.00 1.61
635 1.01 0.00 1.61
636 1.01 0.01 1.61
637 1.01 0.01 1.61
638 1.01 0.01 1.61
639 1.01 0.01 1.61
640 1.01 0.01 1.61
641 1.01 0.01 1.61
642 1.01 0.02 1.61
643 1.01 0.02 1.61
644 1.01 0.02 1.61
645 1.00 0.02 1.61
646 1.00 0.02 1.61
647 1.00 0.03 1.61
648 1.00 0.03 1.61
649 1.00 0.03 1.61
650 1.00 0.03 1.61
651 1.00 0.03 1.61
652 1.00 0.04 1.61
653 1.00 0.04 1.61
654 1.00 0.04 1.61
655 1.00 0.04 1.61
656 1.00 0.04 1.61
657 1.00 0.05 1.61
658 1.00 0.05 1.61
659 1.00 0.05 1.61
660 1.00 0.05 1.61
661 1.00 0.05 1.61
662 1.00 0.06 1.61
663 1.00 0.06 1.61
664 1.00 0.06 1.61
665 1.00 0.06 1.61
666 1.00 0.06 1.61
667 1.00 0.07 1.61
668 1.00 0.07 1.61
669 1.00 0.07 1.61
670 1.00 0.07 1.61
671 1.00 0.07 1.61
672 1.00 0.08 1.61
673 1.00 0.08 1.61
674 1.00 0.08 1.61
675 1.00 0.08 1.61
676 1.00 0.08 1.61
677 1.00 0.09 1.61
678 1.00 0.09 1.61
679 1.00 0.09 1.61
680 1.00 0.09 1.61
681 1.00 0.09 1.61
682 1.00 0.10 1.61
683 1.00 0.10 1.61
684 1.00 0.10 1.61
685 1.00 0.10 1.61
686 1.00 0.10 1.61
687 1.00 0.11 1.61
688 1.00 0.11 1.61
689 1.00 0.11 1.61
690 1.00 0.11 1.61
691 1.00 0.11 1.61
692 1.00 0.12 1.61
693 1.00 0.12 1.61
694 1.00 0.12 1.61
695 1.00 0.12 1.61
696 1.00 0.12 1.61
697 1.00 0.13 1.61
698 1.00 0.13 1.61
699 1.00 0.13 1.61
700 1.00 0.13 1.61
701 1.00 0.13 1.61
702 1.00 0.14 1.61
703 1.00 0.14 1.61
704 1.00 0.14 1.61
705 1.00 0.14 1.61
706 1.00 0.14 1.61
707 1.00 0.15 1.61
708 1.00 0.15 1.61
709 1.00 0.15 1.61
710 1.00 0.15 1.61
711 1.00 0.15 1.61
712 1.00 0.16 1.61
713 1.00 0.16 1.61
714 1.00 0.16 1.61
715 1.00 0.16 1.61
716 1.00 0.16 1.61
717 1.00 0.17 1.61
718 1.00 0.17 1.61
719 1.00 0.17 1.61
720 1.00 0.17 1.61
721 1.00 0.17 1.61
722 1.00 0.18 1.61
723 1.00 0.18 1.61
724 1.00 0.18 1.61
725 1.00 0.18 1.61
726 1.00 0.18 1.61
727 1.00 0.19 1.61
728 1.00 0.19 1.61
729 1.00 0.19 1.61
730 1.00 0.19 1.61
731 1.00 0.19 1.61
732 1.00 0.20 1.61
733 1.00 0.20 1.61
734 1.00 0.20 1.61
735 1.00 0.20 1.61
736 1.00 0.20 1.61
737 1.00 0.21 1.61
738 1.00 0.21 1.61
739 1.00 0.21 1.61
740 1.00 0.21 1.61
741 1.00 0.21 1.61
742 1.00 0.22 1.61
743 1.00 0.22 1.61
744 1.00 0.22 1.61
745 1.00 0.22 1.61
746 1.00 0.22 1.61
747 1.00 0.23 1.61
748 1.00 0.23 1.61
749 1.00 0.23 1.61
750 1.00 0.23 1.61
751 1.00 0.23 1.61
752 1.00 0.24 1.61
753 1.00 0.24 1.61
754 1.00 0.24 1.61
755 1.00 0.24 1.61
756 1.00 0.24 1.61
757 1.00 0.25 1.61
758 1.00 0.25 1.61
759 1.00 0.25 1.61
760 1.00 0.25 1.61
761 1.00 0.25 1.61
762 1.00 0.26 1.61
763 1.00 0.26 1.61
764 1.00 0.26 1.61
765 1.00 0.26 1.61
766 1.00 0.26 1.61
767 1.00 0.27 1.61
768 1.00 0.27 1.61
769 1.00 0.27 1.61
770 1.00 0.27 1.61
771 1.00 0.27 1.61
772 1.00 0.28 1.61
773 1.00 0.28 1.61
774 1.00 0.28 1.61
775 0.99 0.28 1.61
776 0.99 0.28 1.61
777 0.99 0.29 1.61
778 0.99 0.29 1.61
779 0.99 0.29 1.61
780 0.99 0.29 1.61
781 0.99 0.29 1.61
782 0.99 0.30 1.61
783 0.99 0.30 1.61
784 0.99 0.30 1.61
785 0.99 0.30 1.61
786 0.99 0.30 1.61
787 0.99 0.31 1.61
788 0.99 0.31 1.61
789 0.99 0.31 1.61
790 0.99 0.31 1.61
791 0.99 0.31 1.61
792 0.99 0.32 1.61
793 0.99 0.32 1.61
794 0.99 0.32 1.61
795 0.99 0.32 1.61
796 0.99 0.32 1.61
797 0.99 0.33 1.61
798 0.99 0.33 1.61
799 0.99 0.33 1.61
800 0.99 0.33 1.61
801 0.99 0.33 1.61
802 0.99 0.34 1.61
803 0.99 0.34 1.61
804 0.99 0.34 1.61
805 0.99 0.34 1.61
806 0.99 0.34 1.61
807 0.99 0.35 1.61
808 0.99 0.35 1.61
809 0.99 0.35 1.61
810 0.99 0.35 1.61
811 0.99 0.35 1.61
812 0.99 0.36 1.61
813 0.99 0.36 1.61
814 0.99 0.36 1.61
815 0.99 0.36 1.61
816 0.99 0.36 1.61
817 0.99 0.37 1.61
818 0.99 0.37 1.61
819 0.99 0.37 1.61
820 0.99 0.37 1.61
821 0.99 0.37 1.61
822 0.99 0.38 1.61
823 0.99 0.38 1.61
824 0.99 0.38 1.61
825 0.99 0.38 1.61
826 0.99 0.38 1.61
827 0.99 0.39 1.61
828 0.99 0.39 1.61
829 0.99 0.39 1.61
830 0.99 0.39 1.61
831 0.99 0.39 1.61
832 0.99 0.40 1.61
833 0.99 0.40 1.61
834 0.99 0.40 1.61
835 0.99 0.40 1.61
836 0.99 0.40 1.61
837 0.99 0.41 1.61
838 0.99 0.41 1.61
839 0.99 0.41 1.61
840 0.99 0.41 1.61
841 0.99 0.41 1.61
842 0.99 0.42 1.61
843 0.99 0.42 1.61
844 0.99 0.42 1.61
845 0.99 0.42 1.61
846 0.99 0.42 1.61
847 0.99 0.43 1.61
848 0.99 0.43 1.61
849 0.99 0.43 1.61
850 0.99 0.43 1.61
851 0.99 0.43 1.61
852 0.99 0.44 1.61
853 0.99 0.44 1.61
854 0.99 0.44 1.61
855 0.99 0.44 1.61
856 0.99 0.44 1.61
857 0.99 0.45 1.61
858 0.99 0.45 1.61
859 0.99 0.45 1.61
860 0.99 0.45 1.61
861 0.99 0.45 1.61
862 0.99 0.46 1.61
863 0.99 0.46 1.61
864 0.99 0.46 1.61
865 0.99 0.46 1.61
866 0.99 0.46 1.61
867 0.99 0.47 1.61
868 0.99 0.47 1.61
869 0.99 0.47 1.61
870 0.99 0.47 1.61
871 0.99 0.47 1.61
872 0.99 0.48 1.61
873 0.99 0.48 1.61
874 0.99 0.48 1.61
875 0.99 0.48 1.61
876 0.99 0.48 1.61
877 0.99 0.49 1.61
878 0.99 0.49 1.61
879 0.99 0.49 1.61
880 0.99 0.49 1.61
881 0.99 0.49 1.61
882 0.99 0.50 1.61
883 0.99 0.50 1.61
884 0.99 0.50 1.61
885 0.99 0.50 1.61
886 0.99 0.50 1.61
887 0.99 0.51 1.61
888 0.99 0.51 1.61
889 0.99 0.51 1.61
890 0.99 0.51 1.61
891 0.99 0.51 1.61
892 0.99 0.52 1.61
893 0.99 0.52 1.61
894 0.99 0.52 1.61
895 0.99 0.52 1.61
896 0.99 0.52 1.61
897 0.99 0.53 1.61
898 0.99 0.53 1.61
899 0.99 0.53 1.61
900 0.99 0.53 1.61
901 0.99 0.53 1.61
902 0.99 0.54 1.61
903 0.99 0.54 1.61
904 0.99 0.54 1.61
905 0.99 0.54 1.61
906 0.98 0.54 1.61
907 0.98 0.55 1.61
908 0.98 0.55 1.61
909 0.98 0.55 1.61
910 0.98 0.55 1.61
911 0.98 0.55 1.61
912 0.98 0.56 1.61
913 0.98 0.56 1.61
914 0.98 0.56 1.61
915 0.98 0.56 1.61
916 0.98 0.56 1.61
917 0.98 0.57 1.61
918 0.98 0.57 1.61
919 0.98 0.57 1.61
920 0.98 0.57 1.61
921 0.98 0.57 1.61
922 0.98 0.58 1.61
923 0.98 0.58 1.61
924 0.98 0.58 1.61
925 0.98 0.58 1.61
926 0.98 0.58 1.61
927 0.98 0.59 1.61
928 0.98 0.59 1.61
929 0.98 0.59 1.61
930 0.98 0.59 1.61
931 0.98 0.59 1.61
932 0.98 0.60 1.61
933 0.98 0.60 1.61
934 0.98 0.60 1.61
935 0.98 0.60 1.61
936 0.98 0.60 1.61
937 0.98 0.61 1.61
938 0.98 0.61 1.61
939 0.98 0.61 1.61
940 0.98 0.61 1.61
941 0.98 0.61 1.61
942 0.98 0.62 1.61
943 0.98 0.62 1.61
944 0.98 0.62 1.61
945 0.98 0.62 1.61
946 0.98 0.62 1.61
947 0.98 0.63 1.61
948 0.98 0.63 1.61
949 0.98 0.63 1.61
950 0.98 0.63 1.61
951 0.98 0.63 1.61
952 0.98 0.64 1.61
953 0.98 0.64 1.61
954 0.98 0.64 1.61
955 0.98 0.64 1.61
956 0.98 0.64 1.61
957 0.98 0.65 1.61
958 0.98 0.65 1.61
959 0.98 0.65 1.61
960 0.98 0.65 1.61
961 0.98 0.65 1.61
962 0.98 0.66 1.61
963 0.98 0.66 1.61
964 0.98 0.66 1.61
965 0.98 0.66 1.61
966 0.98 0.66 1.61
967 0.98 0.67 1.61
968 0.98 0.67 1.61
969 0.98 0.67 1.61
970 0.98 0.67 1.61
971 0.98 0.67 1.61
972 0.98 0.68 1.61
973 0.98 0.68 1.61
974 0.98 0.68 1.61
975 0.98 0.68 1.61
976 0.98 0.68 1.61
977 0.98 0.69 1.61
978 0.98 0.69 1.61
979 0.98 0.69 1.61
980 0.98 0.69 1.61
981 0.98 0.69 1.61
982 0.98 0.70 1.61
983 0.98 0.70 1.61
984 0.98 0.70 1.61
985 0.98 0.70 1.61
986 0.98 0.70 1.61
987 0.98 0.71 1.61
988 0.98 0.71 1.61
989 0.98 0.71 1.61
990 0.98 0.71 1.61
991 0.98 0.71 1.61
992 0.98 0.72 1.61
993 0.98 0.72 1.61
994 0.98 0.72 1.61
995 0.98 0.72 1.61
996 0.98 0.72 1.61
997 0.98 0.73 1.61
998 0.98 0.73 1.61
999 0.98 0.73 1.61
1000 0.98 0.73 1.61
1001 0.98 0.73 1.61
1002 0.98 0.74 1.61
1003 0.98 0.74 1.61
1004 0.98 0.74 1.61
1005 0.98 0.74 1.61
1006 0.98 0.74 1.61
1007 0.98 0.75 1.61
1008 0.98 0.75 1.61
1009 0.98 0.75 1.61
1010 0.98 0.75 1.61
1011 0.98 0.75 1.61
1012 0.98 0.76 1.61
1013 0.98 0.76 1.61
1014 0.98 0.76 1.61
1015 0.98 0.76 1.61
1016 0.98 0.76 1.61
1017 0.98 0.77 1.61
1018 0.98 0.77 1.61
1019 0.98 0.77 1.61
1020 0.98 0.77 1.61
1021 0.98 0.77 1.61
1022 0.98 0.78 1.61
1023 0.98 0.78 1.61
1024 0.98 0.78 1.61
1025 0.98 0.78 1.61
1026 0.98 0.78 1.61
1027 0.98 0.79 1.61
1028 0.98 0.79 1.61
1029 0.98 0.79 1.61
1030 0.98 0.79 1.61
1031 0.98 0.79 1.61
1032 0.98 0.80 1.61
1033 0.98 0.80 1.61
1034 0.98 0.80 1.61
1035 0.98 0.80 1.61
1036 0.97 0.80 1.61
1037 0.97 0.81 1.61
1038 0.97 0.81 1.61
1039 0.97 0.81 1.61
1040 0.97 0.81 1.61
1041 0.97 0.81 1.61
1042 0.97 0.82 1.61
1043 0.97 0.82 1.61
1044 0.97 0.82 1.61
1045 0.97 0.82 1.61
1046 0.97 0.82 1.61
1047 0.97 0.83 1.61
1048 0.97 0.83 1.61
1049 0.97 0.83 1.61
1050 0.97 0.83 1.61
1051 0.97 0.83 1.61
1052 0.97 0.84 1.61
1053 0.97 0.84 1.61
1054 0.97 0.84 1.61
1055 0.97 0.84 1.61
1056 0.97 0.84 1.61
1057 0.97 0.85 1.61
1058 0.97 0.85 1.61
1059 0.97 0.85 1.61
1060 0.97 0.85 1.61
1061 0.97 0.85 1.61
1062 0.97 0.86 1.61
1063 0.97 0.86 1.61
1064 0.97 0.86 1.61
1065 0.97 0.86 1.61
1066 0.97 0.86 1.61
1067 0.97 0.87 1.61
1068 0.97 0.87 1.61
1069 0.97 0.87 1.61
1070 0.97 0.87 1.61
1071 0.97 0.87 1.61
1072 0.97 0.88 1.61
1073 0.97 0.88 1.61
1074 0.97 0.88 1.61
1075 0.97 0.88 1.61
1076 0.97 0.88 1.61
1077 0.97 0.89 1.61
1078 0.97 0.89 1.61
1079 0.97 0.89 1.61
1080 0.97 0.89 1.61
1081 0.97 0.89 1.61
1082 0.97 0.90 1.61
1083 0.97 0.90 1.61
1084 0.97 0.90 1.61
1085 0.97 0.90 1.61
1086 0.97 0.90 1.61
1087 0.97 0.91 1.61
1088 0.97 0.91 1.61
1089 0.97 0.91 1.61
1090 0.97 0.91 1.61
1091 0.97 0.91 1.61
1092 0.97 0.92 1.61
1093 0.97 0.92 1.61
1094 0.97 0.92 1.61
1095 0.97 0.92 1.61
1096 0.97 0.92 1.61
1097 0.97 0.93 1.61
1098 0.97 0.93 1.61
1099 0.97 0.93 1.61
1100 0.97 0.93 1.61
1101 0.97 0.93 1.61
1102 0.97 0.94 1.61
1103 0.97 0.94 1.61
1104 0.97 0.94 1.61
1105 0.97 0.94 1.61
1106 0.97 0.94 1.61
1107 0.97 0.95 1.61
1108 0.97 0.95 1.61
1109 0.97 0.95 1.61
1110 0.97 0.95 1.61
1111 0.97 0.95 1.61
1112 0.97 0.96 1.61
1113 0.97 0.96 1.61
1114 0.97 0.96 1.61
1115 0.97 0.96 1.61
1116 0.97 0.96 1.61
1117 0.97 0.97 1.61
1118 0.97 0.97 1.61
1119 0.97 0.97 1.61
1120 0.97 0.97 1.61
1121 0.97 0.97 1.61
1122 0.97 0.98 1.61
1123 0.97 0.98 1.61
1124 0.97 0.98 1.61
1125 0.97 0.98 1.61
1126 0.97 0.98 1.61
1127 0.97 0.99 1.61
1128 0.97 0.99 1.61
1129 0.97 0.99 1.61
1130 0.97 0.99 1.61
1131 0.97 0.99 1.61
1132 0.97 1.00 1.61
1133 0.97 1.00 1.61
1134 0.97 1.00 1.61
1135 0.97 1.00 1.61
1136 0.97 1.00 1.61
1137 0.97 1.01 1.61
1138 0.97 1.01 1.61
1139 0.97 1.01 1.61
1140 0.97 1.01 1.62
1141 0.97 1.01 1.64
1142 0.97 1.01 1.66
1143 0.97 1.01 1.67
1144 0.97 1.01 1.69
1145 0.97 1.01 1.70
1146 0.97 1.01 1.72
1147 0.97 1.01 1.73
1148 0.97 1.01 1.75
1149 0.97 1.01 1.76
1150 0.97 1.01 1.78
1151 0.97 1.01 1.80
1152 0.97 1.01 1.81
1153 0.97 1.01 1.83
1154 0.97 1.01 1.84
1155 0.97 1.01 1.86
1156 0.97 1.01 1.87
1157 0.97 1.01 1.89
1158 0.97 1.01 1.91
1159 0.97 1.01 1.92
1160 0.97 1.01 1.94
1161 0.97 1.01 1.95
1162 0.97 1.01 1.97
1163 0.97 1.01 1.98
1164 0.97 1.01 2.00
1165 0.97 1.01 2.01
1166 0.97 1.01 2.03
1167 0.97 1.01 2.05
1168 0.97 1.01 2.06
1169 0.97 1.01 2.08
1170 0.97 1.01 2.09
1171 0.97 1.01 2.11
1172 0.97 1.01 2.12
1173 0.97 1.01 2.14
1174 0.97 1.01 2.16
1175 0.97 1.01 2.17
1176 0.97 1.01 2.19
1177 0.97 1.01 2.20
1178 0.97 1.01 2.22
1179 0.97 1.01 2.23
1180 0.97 1.01 2.25
1181 0.97 1.01 2.27
1182 0.97 1.01 2.28
1183 0.97 1.01 2.30
1184 0.97 1.01 2.31
1185 0.97 1.01 2.33
1186 0.97 1.01 2.34
1187 0.97 1.01 2.36
1188 0.97 1.01 2.37
1189 0.97 1.01 2.39
1190 0.97 1.01 2.41
1191 0.97 1.01 2.42
1192 0.97 1.01 2.44
1193 0.97 1.01 2.45
1194 0.97 1.01 2.47
1195 0.97 1.01 2.48
1196 0.97 1.01 2.50
1197 0.97 1.01 2.51
1198 0.97 1.01 2.53
1199 0.97 1.01 2.55
1200 0.97 1.01 2.56
1201 0.97 1.01 2.58
1202 0.97 1.01 2.59
1203 0.97 1.01 2.61
1204 0.97 1.01 2.62
1205 0.97 1.01 2.64
1206 0.97 1.01 2.66
1207 0.97 1.01 2.67
1208 0.97 1.01 2.69
1209 0.97 1.01 2.70
1210 0.97 1.01 2.72
1211 0.97 1.01 2.73
1212 0.97 1.01 2.75
1213 0.97 1.01 2.76
1214 0.97 1.01 2.78
1215 0.97 1.01 2.80
1216 0.97 1.01 2.81
1217 0.97 1.01 2.83
1218 0.97 1.01 2.84
1219 0.97 1.01 2.86
1220 0.97 1.01 2.87
1221 0.97 1.01 2.89
1222 0.97 1.01 2.91
1223 0.97 1.01 2.92
1224 0.97 1.01 2.94
1225 0.97 1.01 2.95
1226 0.97 1.01 2.97
1227 0.97 1.01 2.98
1228 0.97 1.01 3.00
1229 0.97 1.01 3.01
1230 0.97 1.01 3.03
1231 0.97 1.01 3.05
1232 0.97 1.01 3.06
1233 0.97 1.01 3.08
1234 0.97 1.01 3.09
1235 0.97 1.01 3.10
1236 0.97 1.01 3.12
1237 0.97 1.01 3.13
1238 0.97 1.01 3.14
1239 0.97 1.01 3.16
1240 0.97 1.01 3.17
1241 0.97 1.01 3.18
1242 0.97 1.01 3.19
1243 0.97 1.01 3.19
1244 0.97 1.01 3.20
1245 0.97 1.01 3.20
1246 0.96 1.01 3.20
1247 0.96 1.00 3.20
1248 0.96 1.00 3.20
1249 0.96 1.00 3.20
1250 0.96 1.00 3.20
1251 0.96 1.00 3.20
1252 0.95 1.00 3.20
1253 0.95 1.00 3.20
1254 0.95 1.00 3.20
1255 0.95 1.00 3.20
1256 0.95 1.00 3.20
1257 0.94 1.00 3.20
1258 0.94 1.00 3.20
1259 0.94 1.00 3.20
1260 0.94 1.00 3.20
1261 0.94 1.00 3.20
1262 0.93 1.00 3.20
1263 0.93 1.00 3.20
1264 0.93 1.00 3.20
1265 0.93 1.00 3.20
1266 0.93 1.00 3.20
1267 0.92 1.00 3.20
1268 0.92 1.00 3.20
1269 0.92 1.00 3.20
1270 0.92 1.00 3.20
1271 0.92 1.00 3.20
1272 0.91 1.00 3.20
1273 0.91 1.00 3.20
1274 0.91 1.00 3.20
1275 0.91 1.00 3.20
1276 0.91 1.00 3.20
1277 0.90 1.00 3.20
1278 0.90 1.00 3.20
1279 0.90 1.00 3.20
1280 0.90 1.00 3.20
1281 0.90 1.00 3.20
1282 0.89 1.00 3.20
1283 0.89 1.00 3.20
1284 0.89 1.00 3.20
1285 0.89 1.00 3.20
1286 0.89 1.00 3.20
1287 0.88 1.00 3.20
1288 0.88 1.00 3.20
1289 0.88 1.00 3.20
1290 0.88 1.00 3.20
1291 0.88 1.00 3.20
1292 0.87 1.00 3.20
1293 0.87 1.00 3.20
1294 0.87 1.00 3.20
1295 0.87 1.00 3.20
1296 0.87 1.00 3.20
1297 0.86 1.00 3.20
1298 0.86 1.00 3.20
1299 0.86 1.00 3.20
1300 0.86 1.00 3.20
1301 0.86 1.00 3.20
1302 0.85 1.00 3.20
1303 0.85 1.00 3.20
1304 0.85 1.00 3.20
1305 0.85 1.00 3.20
1306 0.85 1.00 3.20
1307 0.84 1.00 3.20
1308 0.84 1.00 3.20
1309 0.84 1.00 3.20
1310 0.84 1.00 3.20
1311 0.84 1.00 3.20
1312 0.83 1.00 3.20
1313 0.83 1.00 3.20
1314 0.83 1.00 3.20
1315 0.83 1.00 3.20
1316 0.83 1.00 3.20
1317 0.82 1.00 3.20
1318 0.82 1.00 3.20
1319 0.82 1.00 3.20
1320 0.82 1.00 3.20
1321 0.82 1.00 3.20
1322 0.81 1.00 3.20
1323 0.81 1.00 3.20
1324 0.81 1.00 3.20
1325 0.81 1.00 3.20
1326 0.81 1.00 3.20
1327 0.80 1.00 3.20
1328 0.80 1.00 3.20
1329 0.80 1.00 3.20
1330 0.80 1.00 3.20
1331 0.80 0.99 3.20
1332 0.79 0.99 3.20
1333 0.79 0.99 3.20
1334 0.79 0.99 3.20
1335 0.79 0.99 3.20
1336 0.79 0.99 3.20
1337 0.78 0.99 3.20
1338 0.78 0.99 3.20
1339 0.78 0.99 3.20
1340 0.78 0.99 3.20
1341 0.78 0.99 3.20
1342 0.77 0.99 3.20
1343 0.77 0.99 3.20
1344 0.77 0.99 3.20
1345 0.77 0.99 3.20
1346 0.77 0.99 3.20
1347 0.76 0.99 3.20
1348 0.76 0.99 3.20
1349 0.76 0.99 3.20
1350 0.76 0.99 3.20
1351 0.76 0.99 3.20
1352 0.75 0.99 3.20
1353 0.75 0.99 3.20
1354 0.75 0.99 3.20
1355 0.75 0.99 3.20
1356 0.75 0.99 3.20
1357 0.74 0.99 3.20
1358 0.74 0.99 3.20
1359 0.74 0.99 3.20
1360 0.74 0.99 3.20
1361 0.74 0.99 3.20
1362 0.73 0.99 3.20
1363 0.73 0.99 3.20
1364 0.73 0.99 3.20
1365 0.73 0.99 3.20
1366 0.73 0.99 3.20
1367 0.72 0.99 3.20
1368 0.72 0.99 3.20
1369 0.72 0.99 3.20
1370 0.72 0.99 3.20
1371 0.72 0.99 3.20
1372 0.71 0.99 3.20
1373 0.71 0.99 3.20
1374 0.71 0.99 3.20
1375 0.71 0.99 3.20
1376 0.71 0.99 3.20
1377 0.70 0.99 3.20
1378 0.70 0.99 3.20
1379 0.70 0.99 3.20
1380 0.70 0.99 3.20
1381 0.70 0.99 3.20
1382 0.69 0.99 3.20
1383 0.69 0.99 3.20
1384 0.69 0.99 3.20
1385 0.69 0.99 3.20
1386 0.69 0.99 3.20
1387 0.68 0.99 3.20
1388 0.68 0.99 3.20
1389 0.68 0.99 3.20
1390 0.68 0.99 3.20
1391 0.68 0.99 3.20
1392 0.67 0.99 3.20
1393 0.67 0.99 3.20
1394 0.67 0.99 3.20
1395 0.67 0.99 3.20
1396 0.67 0.99 3.20
1397 0.66 0.99 3.20
1398 0.66 0.99 3.20
1399 0.66 0.99 3.20
1400 0.66 0.99 3.20
1401 0.66 0.99 3.20
1402 0.65 0.99 3.20
1403 0.65 0.99 3.20
1404 0.65 0.99 3.20
1405 0.65 0.99 3.20
1406 0.65 0.99 3.20
1407 0.64 0.99 3.20
1408 0.64 0.99 3.20
1409 0.64 0.99 3.20
1410 0.64 0.99 3.20
1411 0.64 0.99 3.20
1412 0.63 0.99 3.20
1413 0.63 0.99 3.20
1414 0.63 0.98 3.20
1415 0.63 0.98 3.20
1416 0.63 0.98 3.20
1417 0.62 0.98 3.20
1418 0.62 0.98 3.20
1419 0.62 0.98 3.20
1420 0.62 0.98 3.20
1421 0.62 0.98 3.20
1422 0.61 0.98 3.20
1423 0.61 0.98 3.20
1424 0.61 0.98 3.20
1425 0.61 0.98 3.20
1426 0.61 0.98 3.20
1427 0.60 0.98 3.20
1428 0.60 0.98 3.20
1429 0.60 0.98 3.20
1430 0.60 0.98 3.20
1431 0.60 0.98 3.20
1432 0.59 0.98 3.20
1433 0.59 0.98 3.20
1434 0.59 0.98 3.20
1435 0.59 0.98 3.20
1436 0.59 0.98 3.20
1437 0.58 0.98 3.20
1438 0.58 0.98 3.20
1439 0.58 0.98 3.20
1440 0.58 0.98 3.20
1441 0.58 0.98 3.20
1442 0.57 0.98 3.20
1443 0.57 0.98 3.20
1444 0.57 0.98 3.20
1445 0.57 0.98 3.20
1446 0.57 0.98 3.20
1447 0.56 0.98 3.20
1448 0.56 0.98 3.20
1449 0.56 0.98 3.20
1450 0.56 0.98 3.20
1451 0.56 0.98 3.20
1452 0.55 0.98 3.20
1453 0.55 0.98 3.20
1454 0.55 0.98 3.20
1455 0.55 0.98 3.20
1456 0.55 0.98 3.20
1457 0.54 0.98 3.20
1458 0.54 0.98 3.20
1459 0.54 0.98 3.20
1460 0.54 0.98 3.20
1461 0.54 0.98 3.20
1462 0.53 0.98 3.20
1463 0.53 0.98 3.20
1464 0.53 0.98 3.20
1465 0.53 0.98 3.20
1466 0.53 0.98 3.20
1467 0.52 0.98 3.20
1468 0.52 0.98 3.20
1469 0.52 0.98 3.20
1470 0.52 0.98 3.20
1471 0.52 0.98 3.20
1472 0.51 0.98 3.20
1473 0.51 0.98 3.20
1474 0.51 0.98 3.20
1475 0.51 0.98 3.20
1476 0.51 0.98 3.20
1477 0.50 0.98 3.20
1478 0.50 0.98 3.20
1479 0.50 0.98 3.20
1480 0.50 0.98 3.20
1481 0.50 0.98 3.20
1482 0.49 0.98 3.20
1483 0.49 0.98 3.20
1484 0.49 0.98 3.20
1485 0.49 0.98 3.20
1486 0.49 0.98 3.20
1487 0.48 0.98 3.20
1488 0.48 0.98 3.20
1489 0.48 0.98 3.20
1490 0.48 0.98 3.20
1491 0.48 0.98 3.20
1492 0.47 0.98 3.20
1493 0.47 0.98 3.20
1494 0.47 0.98 3.20
1495 0.47 0.98 3.20
1496 0.47 0.97 3.20
1497 0.46 0.97 3.20
1498 0.46 0.97 3.20
1499 0.46 0.97 3.20
1500 0.46 0.97 3.20
1501 0.46 0.97 3.20
1502 0.45 0.97 3.20
1503 0.45 0.97 3.20
1504 0.45 0.97 3.20
1505 0.45 0.97 3.20
1506 0.45 0.97 3.20
1507 0.44 0.97 3.20
1508 0.44 0.97 3.20
1509 0.44 0.97 3.20
1510 0.44 0.97 3.20
1511 0.44 0.97 3.20
1512 0.43 0.97 3.20
1513 0.43 0.97 3.20
1514 0.43 0.97 3.20
1515 0.43 0.97 3.20
1516 0.43 0.97 3.20
1517 0.42 0.97 3.20
1518 0.42 0.97 3.20
1519 0.42 0.97 3.20
1520 0.42 0.97 3.20
1521 0.42 0.97 3.20
1522 0.41 0.97 3.20
1523 0.41 0.97 3.20
1524 0.41 0.97 3.20
1525 0.41 0.97 3.20
1526 0.41 0.97 3.20
1527 0.40 0.97 3.20
1528 0.40 0.97 3.20
1529 0.40 0.97 3.20
1530 0.40 0.97 3.20
1531 0.40 0.97 3.20
1532 0.39 0.97 3.20
1533 0.39 0.97 3.20
1534 0.39 0.97 3.20
1535 0.39 0.97 3.20
1536 0.39 0.97 3.20
1537 0.38 0.97 3.20
1538 0.38 0.97 3.20
1539 0.38 0.97 3.20
1540 0.38 0.97 3.20
1541 0.38 0.97 3.20
1542 0.37 0.97 3.20
1543 0.37 0.97 3.20
1544 0.37 0.97 3.20
1545 0.37 0.97 3.20
1546 0.37 0.97 3.20
1547 0.36 0.97 3.20
1548 0.36 0.97 3.20
1549 0.36 0.97 3.20
1550 0.36 0.97 3.20
1551 0.36 0.97 3.20
1552 0.35 0.97 3.20
1553 0.35 0.97 3.20
1554 0.35 0.97 3.20
1555 0.35 0.97 3.20
1556 0.35 0.97 3.20
1557 0.34 0.97 3.20
1558 0.34 0.97 3.20
1559 0.34 0.97 3.20
1560 0.34 0.97 3.20
1561 0.34 0.97 3.20
1562 0.33 0.97 3.20
1563 0.33 0.97 3.20
1564 0.33 0.97 3.20
1565 0.33 0.97 3.20
1566 0.33 0.97 3.20
1567 0.32 0.97 3.20
1568 0.32 0.97 3.20
1569 0.32 0.97 3.20
1570 0.32 0.97 3.20
1571 0.32 0.97 3.20
1572 0.32 0.97 3.20
1573 0.31 0.97 3.20
1574 0.31 0.97 3.20
1575 0.31 0.97 3.20
1576 0.31 0.97 3.20
1577 0.31 0.97 3.20
1578 0.30 0.97 3.20
1579 0.30 0.96 3.20
1580 0.30 0.96 3.20
1581 0.30 0.96 3.20
1582 0.30 0.96 3.20
1583 0.29 0.96 3.20
1584 0.29 0.96 3.20
1585 0.29 0.96 3.20
1586 0.29 0.96 3.20
1587 0.29 0.96 3.20
1588 0.28 0.96 3.20
1589 0.28 0.96 3.20
1590 0.28 0.96 3.20
1591 0.28 0.96 3.20
1592 0.28 0.96 3.20
1593 0.27 0.96 3.20
1594 0.27 0.96 3.20
1595 0.27 0.96 3.20
1596 0.27 0.96 3.20
1597 0.27 0.96 3.20
1598 0.26 0.96 3.20
1599 0.26 0.96 3.20
1600 0.26 0.96 3.20
1601 0.26 0.96 3.20
1602 0.26 0.96 3.20
1603 0.25 0.96 3.20
1604 0.25 0.96 3.20
1605 0.25 0.96 3.20
1606 0.25 0.96 3.20
1607 0.25 0.96 3.20
1608 0.24 0.96 3.20
1609 0.24 0.96 3.20
1610 0.24 0.96 3.20
1611 0.24 0.96 3.20
1612 0.24 0.96 3.20
1613 0.23 0.96 3.20
1614 0.23 0.96 3.20
1615 0.23 0.96 3.20
1616 0.23 0.96 3.20
1617 0.23 0.96 3.20
1618 0.22 0.96 3.20
1619 0.22 0.96 3.20
1620 0.22 0.96 3.20
1621 0.22 0.96 3.20
1622 0.22 0.96 3.20
1623 0.21 0.96 3.20
1624 0.21 0.96 3.20
1625 0.21 0.96 3.20
1626 0.21 0.96 3.20
1627 0.21 0.96 3.20
1628 0.20 0.96 3.20
1629 0.20 0.96 3.20
1630 0.20 0.96 3.20
1631 0.20 0.96 3.20
1632 0.20 0.96 3.20
1633 0.19 0.96 3.20
1634 0.19 0.96 3.20
1635 0.19 0.96 3.20
1636 0.19 0.96 3.20
1637 0.19 0.96 3.20
1638 0.18 0.96 3.20
1639 0.18 0.96 3.20
1640 0.18 0.96 3.20
1641 0.18 0.96 3.20
1642 0.18 0.96 3.20
1643 0.17 0.96 3.20
1644 0.17 0.96 3.20
1645 0.17 0.96 3.20
1646 0.17 0.96 3.20
1647 0.17 0.96 3.20
1648 0.16 0.96 3.20
1649 0.16 0.96 3.20
1650 0.16 0.96 3.20
1651 0.16 0.96 3.20
1652 0.16 0.96 3.20
1653 0.15 0.96 3.20
1654 0.15 0.96 3.20
1655 0.15 0.96 3.20
1656 0.15 0.96 3.20
1657 0.15 0.96 3.20
1658 0.14 0.96 3.20
1659 0.14 0.96 3.20
1660 0.14 0.96 3.20
1661 0.14 0.96 3.20
1662 0.14 0.95 3.20
1663 0.13 0.95 3.20
1664 0.13 0.95 3.20
1665 0.13 0.95 3.20
1666 0.13 0.95 3.20
1667 0.13 0.95 3.20
1668 0.12 0.95 3.20
1669 0.12 0.95 3.20
1670 0.12 0.95 3.20
1671 0.12 0.95 3.20
1672 0.12 0.95 3.20
1673 0.11 0.95 3.20
1674 0.11 0.95 3.20
1675 0.11 0.95 3.20
1676 0.11 0.95 3.20
1677 0.11 0.95 3.20
1678 0.10 0.95 3.20
1679 0.10 0.95 3.20
1680 0.10 0.95 3.20
1681 0.10 0.95 3.20
1682 0.10 0.95 3.20
1683 0.09 0.95 3.20
1684 0.09 0.95 3.20
1685 0.09 0.95 3.20
1686 0.09 0.95 3.20
1687 0.09 0.95 3.20
1688 0.08 0.95 3.20
1689 0.08 0.95 3.20
1690 0.08 0.95 3.20
1691 0.08 0.95 3.20
1692 0.08 0.95 3.20
1693 0.07 0.95 3.20
1694 0.07 0.95 3.20
1695 0.07 0.95 3.20
1696 0.07 0.95 3.20
1697 0.07 0.95 3.20
1698 0.06 0.95 3.20
1699 0.06 0.95 3.20
1700 0.06 0.95 3.20
1701 0.06 0.95 3.20
1702 0.06 0.95 3.20
1703 0.05 0.95 3.20
1704 0.05 0.95 3.20
1705 0.05 0.95 3.20
1706 0.05 0.95 3.20
1707 0.05 0.95 3.20
1708 0.04 0.95 3.20
1709 0.04 0.95 3.20
1710 0.04 0.95 3.20
1711 0.04 0.95 3.20
1712 0.04 0.95 3.20
1713 0.03 0.95 3.20
1714 0.03 0.95 3.20
1715 0.03 0.95 3.20
1716 0.03 0.95 3.20
1717 0.03 0.95 3.20
1718 0.02 0.95 3.20
1719 0.02 0.95 3.20
1720 0.02 0.95 3.20
1721 0.02 0.95 3.20
1722 0.02 0.95 3.20
1723 0.01 0.95 3.20
1724 0.01 0.95 3.20
1725 0.01 0.95 3.20
1726 0.01 0.95 3.20
1727 0.01 0.95 3.20
1728 0.00 0.95 3.20
1729 0.00 0.95 3.20
1730 -0.00 0.95 3.20
1731 -0.00 0.95 3.20
1732 -0.00 0.95 3.20
1733 -0.01 0.95 3.20
1734 -0.01 0.95 3.20
1735 -0.01 0.95 3.20
1736 -0.01 0.95 3.20
1737 -0.01 0.95 3.20
1738 -0.02 0.95 3.20
1739 -0.02 0.95 3.20
1740 -0.02 0.95 3.20
1741 -0.02 0.95 3.20
1742 -0.02 0.95 3.20
1743 -0.03 0.95 3.20
1744 -0.03 0.95 3.20
1745 -0.03 0.94 3.20
1746 -0.03 0.94 3.20
1747 -0.03 0.94 3.20
1748 -0.04 0.94 3.20
1749 -0.04 0.94 3.20
1750 -0.04 0.94 3.20
1751 -0.04 0.94 3.22
1752 -0.04 0.94 3.23
1753 -0.04 0.94 3.25
1754 -0.04 0.94 3.26
1755 -0.04 0.94 3.28
1756 -0.04 0.94 3.30
1757 -0.04 0.94 3.31
1758 -0.04 0.94 3.33
1759 -0.04 0.94 3.34
1760 -0.04 0.94 3.36
1761 -0.04 0.94 3.37
1762 -0.04 0.94 3.39
1763 -0.04 0.94 3.40
1764 -0.04 0.94 3.42
1765 -0.04 0.94 3.44
1766 -0.04 0.94 3.45
1767 -0.04 0.94 3.47
1768 -0.04 0.94 3.48
1769 -0.04 0.94 3.50
1770 -0.04 0.94 3.51
1771 -0.04 0.94 3.53
1772 -0.04 0.94 3.55
1773 -0.04 0.94 3.56
1774 -0.04 0.94 3.58
1775 -0.04 0.94 3.59
1776 -0.04 0.94 3.61
1777 -0.04 0.94 3.62
1778 -0.04 0.94 3.64
1779 -0.04 0.94 3.65
1780 -0.04 0.94 3.67
1781 -0.04 0.94 3.69
1782 -0.04 0.94 3.70
1783 -0.04 0.94 3.72
1784 -0.04 0.94 3.73
1785 -0.04 0.94 3.75
1786 -0.04 0.94 3.76
1787 -0.04 0.94 3.78
1788 -0.04 0.94 3.80
1789 -0.04 0.94 3.81
1790 -0.04 0.94 3.83
1791 -0.04 0.94 3.84
1792 -0.04 0.94 3.86
1793 -0.04 0.94 3.87
1794 -0.04 0.94 3.89
1795 -0.04 0.94 3.90
1796 -0.04 0.94 3.92
1797 -0.04 0.94 3.94
1798 -0.04 0.94 3.95
1799 -0.04 0.94 3.97
1800 -0.04 0.94 3.98
1801 -0.04 0.94 4.00
1802 -0.04 0.94 4.01
1803 -0.04 0.94 4.03
1804 -0.04 0.94 4.05
1805 -0.04 0.94 4.06
1806 -0.04 0.94 4.08
1807 -0.04 0.94 4.09
1808 -0.04 0.94 4.11
1809 -0.04 0.94 4.12
1810 -0.04 0.94 4.14
1811 -0.04 0.94 4.15
1812 -0.04 0.94 4.17
1813 -0.04 0.94 4.19
1814 -0.04 0.94 4.20
1815 -0.04 0.94 4.22
1816 -0.04 0.94 4.23
1817 -0.04 0.94 4.25
1818 -0.04 0.94 4.26
1819 -0.04 0.94 4.28
1820 -0.04 0.94 4.30
1821 -0.04 0.94 4.31
1822 -0.04 0.94 4.33
1823 -0.04 0.94 4.34
1824 -0.04 0.94 4.36
1825 -0.04 0.94 4.37
1826 -0.04 0.94 4.39
1827 -0.04 0.94 4.40
1828 -0.04 0.94 4.42
1829 -0.04 0.94 4.44
1830 -0.04 0.94 4.45
1831 -0.04 0.94 4.47
1832 -0.04 0.94 4.48
1833 -0.04 0.94 4.50
1834 -0.04 0.94 4.51
1835 -0.04 0.94 4.53
1836 -0.04 0.94 4.55
1837 -0.04 0.94 4.56
1838 -0.04 0.94 4.58
1839 -0.04 0.94 4.59
1840 -0.04 0.94 4.61
1841 -0.04 0.94 4.62
1842 -0.04 0.94 4.64
1843 -0.04 0.94 4.65
1844 -0.04 0.94 4.67
1845 -0.04 0.94 4.68
1846 -0.04 0.94 4.70
1847 -0.04 0.94 4.71
1848 -0.04 0.94 4.72
1849 -0.04 0.94 4.74
1850 -0.04 0.94 4.75
1851 -0.04 0.94 4.76
1852 -0.04 0.94 4.77
1853 -0.04 0.94 4.78
1854 -0.04 0.94 4.78
1855 -0.04 0.94 4.79
1856 -0.04 0.94 4.79
1857 -0.04 0.94 4.80
1858 -0.04 0.94 4.80
1859 -0.04 0.94 4.80
1860 -0.04 0.94 4.80
1861 -0.04 0.93 4.80
1862 -0.04 0.93 4.80
1863 -0.04 0.93 4.79
1864 -0.04 0.93 4.80
1865 -0.03 0.93 4.79
1866 -0.03 0.93 4.80
1867 -0.03 0.92 4.80
1868 -0.03 0.92 4.80
1869 -0.03 0.92 4.80
1870 -0.03 0.92 4.80
1871 -0.03 0.92 4.80
1872 -0.03 0.91 4.80
1873 -0.03 0.91 4.80
1874 -0.03 0.91 4.80
1875 -0.03 0.91 4.80
1876 -0.03 0.91 4.80
1877 -0.03 0.90 4.80
1878 -0.03 0.90 4.80
1879 -0.03 0.90 4.80
1880 -0.03 0.90 4.79
1881 -0.03 0.90 4.80
1882 -0.03 0.89 4.79
1883 -0.03 0.89 4.80
1884 -0.03 0.89 4.79
1885 -0.03 0.89 4.80
1886 -0.03 0.89 4.79
1887 -0.03 0.88 4.80
1888 -0.03 0.88 4.79
1889 -0.03 0.88 4.80
1890 -0.03 0.88 4.80
1891 -0.03 0.88 4.80
1892 -0.03 0.87 4.80
1893 -0.03 0.87 4.80
1894 -0.03 0.87 4.80
1895 -0.03 0.87 4.80
1896 -0.03 0.87 4.80
1897 -0.03 0.86 4.80
1898 -0.03 0.86 4.80
1899 -0.03 0.86 4.80
1900 -0.03 0.86 4.80
1901 -0.03 0.86 4.80
1902 -0.03 0.85 4.80
1903 -0.03 0.85 4.79
1904 -0.03 0.85 4.80
1905 -0.03 0.85 4.79
1906 -0.03 0.85 4.80
1907 -0.03 0.84 4.79
1908 -0.03 0.84 4.80
1909 -0.03 0.84 4.79
1910 -0.03 0.84 4.79
1911 -0.03 0.83 4.80
1912 -0.03 0.83 4.80
1913 -0.03 0.83 4.80
1914 -0.03 0.83 4.80
1915 -0.03 0.83 4.80
1916 -0.03 0.82 4.80
1917 -0.03 0.82 4.80
1918 -0.03 0.82 4.80
1919 -0.03 0.82 4.80
1920 -0.03 0.82 4.80
1921 -0.03 0.81 4.80
1922 -0.03 0.81 4.80
1923 -0.03 0.81 4.80
1924 -0.03 0.81 4.80
1925 -0.02 0.81 4.79
1926 -0.02 0.80 4.80
1927 -0.02 0.80 4.79
1928 -0.02 0.80 4.80
1929 -0.02 0.80 4.79
1930 -0.02 0.80 4.80
1931 -0.02 0.79 4.79
1932 -0.02 0.79 4.80
1933 -0.02 0.79 4.79
1934 -0.02 0.79 4.80
1935 -0.02 0.79 4.80
1936 -0.02 0.78 4.80
1937 -0.02 0.78 4.80
1938 -0.02 0.78 4.80
1939 -0.02 0.78 4.80
1940 -0.02 0.78 4.80
1941 -0.02 0.77 4.80
1942 -0.02 0.77 4.80
1943 -0.02 0.77 4.80
1944 -0.02 0.77 4.80
1945 -0.02 0.77 4.80
1946 -0.02 0.76 4.80
1947 -0.02 0.76 4.80
1948 -0.02 0.76 4.80
1949 -0.02 0.76 4.80
1950 -0.02 0.76 4.79
1951 -0.02 0.75 4.80
1952 -0.02 0.75 4.79
1953 -0.02 0.75 4.80
1954 -0.02 0.75 4.79
1955 -0.02 0.75 4.80
1956 -0.02 0.74 4.79
1957 -0.02 0.74 4.80
1958 -0.02 0.74 4.80
1959 -0.02 0.74 4.80
1960 -0.02 0.74 4.80
1961 -0.02 0.73 4.80
1962 -0.02 0.73 4.80
1963 -0.02 0.73 4.80
1964 -0.02 0.73 4.80
1965 -0.02 0.73 4.80
1966 -0.02 0.72 4.80
1967 -0.02 0.72 4.80
1968 -0.02 0.72 4.80
1969 -0.02 0.72 4.80
1970 -0.02 0.72 4.80
1971 -0.02 0.71 4.80
1972 -0.02 0.71 4.80
1973 -0.02 0.71 4.79
1974 -0.02 0.71 4.80
1975 -0.02 0.71 4.79
1976 -0.02 0.70 4.80
1977 -0.02 0.70 4.79
1978 -0.02 0.70 4.80
1979 -0.02 0.70 4.79
1980 -0.02 0.70 4.80
1981 -0.02 0.69 4.80
1982 -0.02 0.69 4.80
1983 -0.02 0.69 4.80
1984 -0.02 0.69 4.80
1985 -0.01 0.69 4.80
1986 -0.01 0.68 4.80
1987 -0.01 0.68 4.80
1988 -0.01 0.68 4.80
1989 -0.01 0.68 4.80
1990 -0.01 0.68 4.80
1991 -0.01 0.67 4.80
1992 -0.01 0.67 4.80
1993 -0.01 0.67 4.80
1994 -0.01 0.67 4.80
1995 -0.01 0.67 4.80
1996 -0.01 0.66 4.79
1997 -0.01 0.66 4.80
1998 -0.01 0.66 4.79
1999 -0.01 0.66 4.80
2000 -0.01 0.66 4.79
2001 -0.01 0.65 4.80
2002 -0.01 0.65 4.79
2003 -0.01 0.65 4.80
2004 -0.01 0.65 4.80
2005 -0.01 0.65 4.80
2006 -0.01 0.64 4.80
2007 -0.01 0.64 4.80
2008 -0.01 0.64 4.80
2009 -0.01 0.64 4.80
2010 -0.01 0.64 4.80
2011 -0.01 0.63 4.80
2012 -0.01 0.63 4.80
2013 -0.01 0.63 4.80
2014 -0.01 0.63 4.80
2015 -0.01 0.63 4.80
2016 -0.01 0.62 4.80
2017 -0.01 0.62 4.80
2018 -0.01 0.62 4.80
2019 -0.01 0.62 4.79
2020 -0.01 0.62 4.80
2021 -0.01 0.61 4.79
2022 -0.01 0.61 4.80
2023 -0.01 0.61 4.79
2024 -0.01 0.61 4.80
2025 -0.01 0.61 4.79
2026 -0.01 0.60 4.80
2027 -0.01 0.60 4.80
2028 -0.01 0.60 4.80
2029 -0.01 0.60 4.80
2030 -0.01 0.60 4.80
2031 -0.01 0.59 4.80
2032 -0.01 0.59 4.80
2033 -0.01 0.59 4.80
2034 -0.01 0.59 4.80
2035 -0.01 0.59 4.80
2036 -0.01 0.58 4.80
2037 -0.01 0.58 4.80
2038 -0.01 0.58 4.80
2039 -0.01 0.58 4.80
2040 -0.01 0.58 4.80
2041 -0.01 0.57 4.80
2042 -0.01 0.57 4.79
2043 -0.01 0.57 4.80
2044 -0.01 0.57 4.79
2045 -0.01 0.57 4.80
2046 -0.00 0.56 4.79
2047 -0.00 0.56 4.80
2048 -0.00 0.56 4.79
2049 -0.00 0.56 4.80
2050 -0.00 0.56 4.80
2051 -0.00 0.55 4.80
2052 -0.00 0.55 4.80
2053 -0.00 0.55 4.80
2054 -0.00 0.55 4.80
2055 -0.00 0.55 4.80
2056 -0.00 0.54 4.80
2057 -0.00 0.54 4.80
2058 -0.00 0.54 4.80
2059 -0.00 0.54 4.80
2060 -0.00 0.54 4.80
2061 -0.00 0.53 4.80
2062 -0.00 0.53 4.80
2063 -0.00 0.53 4.80
2064 -0.00 0.53 4.80
2065 -0.00 0.53 4.79
2066 -0.00 0.52 4.80
2067 -0.00 0.52 4.79
2068 -0.00 0.52 4.80
2069 -0.00 0.52 4.79
2070 -0.00 0.52 4.80
2071 -0.00 0.51 4.79
2072 -0.00 0.51 4.80
2073 -0.00 0.51 4.80
2074 -0.00 0.51 4.80
2075 -0.00 0.51 4.80
2076 0.00 0.50 4.80
2077 0.00 0.50 4.80
2078 0.00 0.50 4.80
2079 0.00 0.50 4.80
2080 0.00 0.50 4.80
2081 0.00 0.49 4.80
2082 0.00 0.49 4.80
2083 0.00 0.49 4.80
2084 0.00 0.49 4.80
2085 0.00 0.49 4.80
2086 0.00 0.48 4.80
2087 0.00 0.48 4.80
2088 0.00 0.48 4.79
2089 0.00 0.48 4.80
2090 0.00 0.48 4.79
2091 0.00 0.47 4.80
2092 0.00 0.47 4.79
2093 0.00 0.47 4.80
2094 0.00 0.47 4.79
2095 0.00 0.47 4.80
2096 0.00 0.46 4.80
2097 0.00 0.46 4.80
2098 0.00 0.46 4.80
2099 0.00 0.46 4.80
2100 0.00 0.46 4.80
2101 0.00 0.45 4.80
2102 0.00 0.45 4.80
2103 0.00 0.45 4.80
2104 0.00 0.45 4.80
2105 0.00 0.45 4.80
2106 0.00 0.44 4.80
2107 0.01 0.44 4.80
2108 0.01 0.44 4.80
2109 0.01 0.44 4.80
2110 0.01 0.44 4.80
2111 0.01 0.43 4.79
2112 0.01 0.43 4.80
2113 0.01 0.43 4.79
2114 0.01 0.43 4.80
2115 0.01 0.43 4.79
2116 0.01 0.42 4.80
2117 0.01 0.42 4.79
2118 0.01 0.42 4.80
2119 0.01 0.42 4.80
2120 0.01 0.42 4.80
2121 0.01 0.41 4.80
2122 0.01 0.41 4.80
2123 0.01 0.41 4.80
2124 0.01 0.41 4.80
2125 0.01 0.41 4.80
2126 0.01 0.40 4.80
2127 0.01 0.40 4.80
2128 0.01 0.40 4.80
2129 0.01 0.40 4.80
2130 0.01 0.40 4.80
2131 0.01 0.39 4.80
2132 0.01 0.39 4.80
2133 0.01 0.39 4.80
2134 0.01 0.39 4.79
2135 0.01 0.39 4.80
2136 0.01 0.39 4.79
2137 0.01 0.38 4.80
2138 0.01 0.38 4.79
2139 0.01 0.38 4.80
2140 0.01 0.38 4.79
2141 0.01 0.38 4.80
2142 0.01 0.37 4.80
2143 0.01 0.37 4.80
2144 0.01 0.37 4.80
2145 0.01 0.37 4.80
2146 0.01 0.37 4.80
2147 0.01 0.36 4.80
2148 0.01 0.36 4.80
2149 0.01 0.36 4.80
2150 0.01 0.36 4.80
2151 0.01 0.36 4.80
2152 0.01 0.35 4.80
2153 0.01 0.35 4.80
2154 0.01 0.35 4.80
2155 0.01 0.35 4.80
2156 0.01 0.35 4.80
2157 0.01 0.34 4.79
2158 0.01 0.34 4.80
2159 0.01 0.34 4.79
2160 0.01 0.34 4.80
2161 0.01 0.34 4.79
2162 0.01 0.33 4.80
2163 0.01 0.33 4.79
2164 0.01 0.33 4.80
2165 0.01 0.33 4.80
2166 0.01 0.33 4.80
2167 0.02 0.32 4.80
2168 0.02 0.32 4.80
2169 0.02 0.32 4.80
2170 0.02 0.32 4.80
2171 0.02 0.32 4.80
2172 0.02 0.31 4.80
2173 0.02 0.31 4.80
2174 0.02 0.31 4.80
2175 0.02 0.31 4.80
2176 0.02 0.31 4.80
2177 0.02 0.30 4.80
2178 0.02 0.30 4.80
2179 0.02 0.30 4.80
2180 0.02 0.30 4.79
2181 0.02 0.30 4.80
2182 0.02 0.29 4.79
2183 0.02 0.29 4.80
2184 0.02 0.29 4.79
2185 0.02 0.29 4.80
2186 0.02 0.29 4.79
2187 0.02 0.28 4.80
2188 0.02 0.28 4.80
2189 0.02 0.28 4.80
2190 0.02 0.28 4.80
2191 0.02 0.28 4.80
2192 0.02 0.27 4.80
2193 0.02 0.27 4.80
2194 0.02 0.27 4.80
2195 0.02 0.27 4.80
2196 0.02 0.27 4.80
2197 0.02 0.26 4.80
2198 0.02 0.26 4.80
2199 0.02 0.26 4.80
2200 0.02 0.26 4.80
2201 0.02 0.26 4.80
2202 0.02 0.25 4.80
2203 0.02 0.25 4.79
2204 0.02 0.25 4.80
2205 0.02 0.25 4.79
2206 0.02 0.25 4.80
2207 0.02 0.24 4.79
2208 0.02 0.24 4.80
2209 0.02 0.24 4.79
2210 0.02 0.24 4.80
2211 0.02 0.24 4.80
2212 0.02 0.23 4.80
2213 0.02 0.23 4.80
2214 0.02 0.23 4.80
2215 0.02 0.23 4.80
2216 0.02 0.23 4.80
2217 0.02 0.22 4.80
2218 0.02 0.22 4.80
2219 0.02 0.22 4.80
2220 0.02 0.22 4.80
2221 0.02 0.22 4.80
2222 0.02 0.21 4.80
2223 0.02 0.21 4.80
2224 0.02 0.21 4.80
2225 0.02 0.21 4.80
2226 0.02 0.21 4.79
2227 0.02 0.20 4.80
2228 0.03 0.20 4.79
2229 0.03 0.20 4.80
2230 0.03 0.20 4.79
2231 0.03 0.20 4.80
2232 0.03 0.19 4.79
2233 0.03 0.19 4.80
2234 0.03 0.19 4.80
2235 0.03 0.19 4.80
2236 0.03 0.19 4.80
2237 0.03 0.18 4.80
2238 0.03 0.18 4.80
2239 0.03 0.18 4.80
2240 0.03 0.18 4.80
2241 0.03 0.18 4.80
2242 0.03 0.17 4.80
2243 0.03 0.17 4.80
2244 0.03 0.17 4.80
2245 0.03 0.17 4.80
2246 0.03 0.17 4.80
2247 0.03 0.16 4.80
2248 0.03 0.16 4.80
2249 0.03 0.16 4.79
2250 0.03 0.16 4.80
2251 0.03 0.16 4.79
2252 0.03 0.15 4.80
2253 0.03 0.15 4.79
2254 0.03 0.15 4.80
2255 0.03 0.15 4.79
2256 0.03 0.15 4.80
2257 0.03 0.14 4.80
2258 0.03 0.14 4.80
2259 0.03 0.14 4.80
2260 0.03 0.14 4.80
2261 0.03 0.14 4.80
2262 0.03 0.13 4.80
2263 0.03 0.13 4.80
2264 0.03 0.13 4.80
2265 0.03 0.13 4.80
2266 0.03 0.13 4.80
2267 0.03 0.12 4.80
2268 0.03 0.12 4.80
2269 0.03 0.12 4.80
2270 0.03 0.12 4.80
2271 0.03 0.12 4.80
2272 0.03 0.11 4.79
2273 0.03 0.11 4.80
2274 0.03 0.11 4.79
2275 0.03 0.11 4.80
2276 0.03 0.11 4.79
2277 0.03 0.10 4.80
2278 0.03 0.10 4.79
2279 0.03 0.10 4.80
2280 0.03 0.10 4.80
2281 0.03 0.10 4.80
2282 0.03 0.09 4.80
2283 0.03 0.09 4.80
2284 0.03 0.09 4.80
2285 0.03 0.09 4.80
2286 0.03 0.09 4.80
2287 0.03 0.08 4.80
2288 0.03 0.08 4.80
2289 0.04 0.08 4.80
2290 0.04 0.08 4.80
2291 0.04 0.08 4.80
2292 0.04 0.07 4.80
2293 0.04 0.07 4.80
2294 0.04 0.07 4.80
2295 0.04 0.07 4.79
2296 0.04 0.07 4.80
2297 0.04 0.06 4.79
2298 0.04 0.06 4.80
2299 0.04 0.06 4.79
2300 0.04 0.06 4.80
2301 0.04 0.06 4.79
2302 0.04 0.05 4.80
2303 0.04 0.05 4.80
2304 0.04 0.05 4.80
2305 0.04 0.05 4.80
2306 0.04 0.05 4.80
2307 0.04 0.04 4.80
2308 0.04 0.04 4.80
2309 0.04 0.04 4.80
2310 0.04 0.04 4.80
2311 0.04 0.04 4.80
2312 0.04 0.03 4.80
2313 0.04 0.03 4.80
2314 0.04 0.03 4.80
2315 0.04 0.03 4.80
2316 0.04 0.03 4.80
2317 0.04 0.02 4.80
2318 0.04 0.02 4.79
2319 0.04 0.02 4.80
2320 0.04 0.02 4.79
2321 0.04 0.02 4.80
2322 0.04 0.01 4.79
2323 0.04 0.01 4.80
2324 0.04 0.01 4.79
2325 0.04 0.01 4.80
2326 0.04 0.01 4.80
2327 0.04 0.00 4.80
2328 0.04 0.00 4.80
2329 0.04 0.00 4.80
2330 0.04 -0.00 4.80
2331 0.04 -0.00 4.80
2332 0.04 -0.01 4.80
2333 0.04 -0.01 4.80
2334 0.04 -0.01 4.80
2335 0.04 -0.01 4.80
2336 0.04 -0.01 4.80
2337 0.04 -0.02 4.80
2338 0.04 -0.02 4.80
2339 0.04 -0.02 4.80
2340 0.04 -0.02 4.80
2341 0.04 -0.02 4.79
2342 0.04 -0.03 4.80
2343 0.04 -0.03 4.79
2344 0.04 -0.03 4.80
2345 0.04 -0.03 4.79
2346 0.04 -0.03 4.80
2347 0.04 -0.04 4.79
2348 0.04 -0.04 4.80
2349 0.05 -0.04 4.80
2350 0.05 -0.04 4.80
2351 0.05 -0.04 4.80
2352 0.05 -0.05 4.80
2353 0.05 -0.05 4.80
2354 0.05 -0.05 4.80
2355 0.05 -0.05 4.80
2356 0.05 -0.05 4.80
2357 0.05 -0.06 4.80
2358 0.05 -0.06 4.80
2359 0.05 -0.06 4.80
2360 0.05 -0.06 4.80
2361 0.05 -0.06 4.81
2362 0.05 -0.06 4.83
2363 0.05 -0.06 4.84
2364 0.05 -0.06 4.86
2365 0.05 -0.06 4.87
2366 0.05 -0.06 4.89
2367 0.05 -0.06 4.90
2368 0.05 -0.06 4.92
2369 0.05 -0.06 4.94
2370 0.05 -0.06 4.95
2371 0.05 -0.06 4.97
2372 0.05 -0.06 4.98
2373 0.05 -0.06 5.00
2374 0.05 -0.06 5.01
2375 0.05 -0.06 5.03
2376 0.05 -0.06 5.04
2377 0.05 -0.06 5.06
2378 0.05 -0.06 5.08
2379 0.05 -0.06 5.09
2380 0.05 -0.06 5.11
2381 0.05 -0.06 5.12
2382 0.05 -0.06 5.14
2383 0.05 -0.06 5.15
2384 0.05 -0.06 5.17
2385 0.05 -0.06 5.19
2386 0.05 -0.06 5.20
2387 0.05 -0.06 5.22
2388 0.05 -0.06 5.23
2389 0.05 -0.06 5.25
2390 0.05 -0.06 5.26
2391 0.05 -0.06 5.28
2392 0.05 -0.06 5.29
2393 0.05 -0.06 5.31
2394 0.05 -0.06 5.33
2395 0.05 -0.06 5.34
2396 0.05 -0.06 5.36
2397 0.05 -0.06 5.37
2398 0.05 -0.06 5.39
2399 0.05 -0.06 5.40
2400 0.05 -0.06 5.42
2401 0.05 -0.06 5.44
2402 0.05 -0.06 5.45
2403 0.05 -0.06 5.47
2404 0.05 -0.06 5.48
2405 0.05 -0.06 5.50
2406 0.05 -0.06 5.51
2407 0.05 -0.06 5.53
2408 0.05 -0.06 5.54
2409 0.05 -0.06 5.56
2410 0.05 -0.06 5.58
2411 0.05 -0.06 5.59
2412 0.05 -0.06 5.61
2413 0.05 -0.06 5.62
2414 0.05 -0.06 5.64
2415 0.05 -0.06 5.65
2416 0.05 -0.06 5.67
2417 0.05 -0.06 5.69
2418 0.05 -0.06 5.70
2419 0.05 -0.06 5.72
2420 0.05 -0.06 5.73
2421 0.05 -0.06 5.75
2422 0.05 -0.06 5.76
2423 0.05 -0.06 5.78
2424 0.05 -0.06 5.79
2425 0.05 -0.06 5.81
2426 0.05 -0.06 5.83
2427 0.05 -0.06 5.84
2428 0.05 -0.06 5.86
2429 0.05 -0.06 5.87
2430 0.05 -0.06 5.89
2431 0.05 -0.06 5.90
2432 0.05 -0.06 5.92
2433 0.05 -0.06 5.94
2434 0.05 -0.06 5.95
2435 0.05 -0.06 5.97
2436 0.05 -0.06 5.98
2437 0.05 -0.06 6.00
2438 0.05 -0.06 6.01
2439 0.05 -0.06 6.03
2440 0.05 -0.06 6.04
2441 0.05 -0.06 6.06
2442 0.05 -0.06 6.08
2443 0.05 -0.06 6.09
2444 0.05 -0.06 6.11
2445 0.05 -0.06 6.12
2446 0.05 -0.06 6.14
2447 0.05 -0.06 6.15
2448 0.05 -0.06 6.17
2449 0.05 -0.06 6.19
2450 0.05 -0.06 6.20
2451 0.05 -0.06 6.22
2452 0.05 -0.06 6.23
2453 0.05 -0.06 6.25
2454 0.05 -0.06 6.26
2455 0.05 -0.06 6.28
2456 0.05 -0.06 6.29
2457 0.05 -0.06 6.30
2458 0.05 -0.06 6.32
2459 0.05 -0.06 6.33
2460 0.05 -0.06 6.34
2461 0.05 -0.06 6.35
2462 0.05 -0.06 6.36
2463 0.05 -0.06 6.38
